%YAML:1.0
---
cam_2_2: !!opencv-matrix
   rows: 676
   cols: 1
   dt: "2f"
   data: [ 3.66775482e+02, 4.00947174e+02, 4.15347595e+02,
       4.04635773e+02, 4.64018646e+02, 4.08333405e+02, 5.12548767e+02,
       4.12060608e+02, 5.61153198e+02, 4.15768188e+02, 6.09756409e+02,
       4.19466949e+02, 6.58408691e+02, 4.23197113e+02, 7.06975098e+02,
       4.26888245e+02, 7.55646545e+02, 4.30665314e+02, 8.04212708e+02,
       4.34336548e+02, 8.52724670e+02, 4.38047058e+02, 9.01392761e+02,
       4.41827148e+02, 9.50089050e+02, 4.45383911e+02, 9.98696289e+02,
       4.49103241e+02, 1.04733630e+03, 4.52796143e+02, 1.09599780e+03,
       4.56594910e+02, 1.14464929e+03, 4.60281067e+02, 1.19335193e+03,
       4.63807648e+02, 1.24200098e+03, 4.67471466e+02, 1.29072095e+03,
       4.71214813e+02, 1.33938672e+03, 4.74943420e+02, 1.38812854e+03,
       4.78622375e+02, 1.43688391e+03, 4.82306458e+02, 1.48562012e+03,
       4.85949585e+02, 1.53439661e+03, 4.89580200e+02, 1.58314661e+03,
       4.93283264e+02, 3.63619659e+02, 4.49397095e+02, 4.12231995e+02,
       4.53157898e+02, 4.60831360e+02, 4.56846222e+02, 5.09378326e+02,
       4.60518616e+02, 5.58076416e+02, 4.64413086e+02, 6.06533264e+02,
       4.68021393e+02, 6.55081787e+02, 4.71689362e+02, 7.03717102e+02,
       4.75477661e+02, 7.52298096e+02, 4.79157043e+02, 8.00873291e+02,
       4.82834351e+02, 8.49266602e+02, 4.86580322e+02, 8.98129456e+02,
       4.90239868e+02, 9.46685364e+02, 4.93991852e+02, 9.95248230e+02,
       4.97670776e+02, 1.04392090e+03, 5.01324951e+02, 1.09250269e+03,
       5.05083984e+02, 1.14115686e+03, 5.08683014e+02, 1.18980725e+03,
       5.12357239e+02, 1.23848755e+03, 5.16086670e+02, 1.28720056e+03,
       5.19779114e+02, 1.33585095e+03, 5.23464233e+02, 1.38453979e+03,
       5.27208008e+02, 1.43325293e+03, 5.30804749e+02, 1.48200989e+03,
       5.34532471e+02, 1.53076086e+03, 5.38264648e+02, 1.57952380e+03,
       5.41920959e+02, 3.60554230e+02, 4.97883667e+02, 4.09076660e+02,
       5.01630402e+02, 4.57664398e+02, 5.05303345e+02, 5.06191406e+02,
       5.09064697e+02, 5.54780396e+02, 5.12757507e+02, 6.03308044e+02,
       5.16483704e+02, 6.51865601e+02, 5.20196777e+02, 7.00386719e+02,
       5.23906555e+02, 7.49038330e+02, 5.27612427e+02, 7.97548035e+02,
       5.31358276e+02, 8.46129761e+02, 5.35034485e+02, 8.94714966e+02,
       5.38732300e+02, 9.43267273e+02, 5.42422852e+02, 9.91851990e+02,
       5.46134155e+02, 1.04049207e+03, 5.49799194e+02, 1.08909375e+03,
       5.53553650e+02, 1.13764392e+03, 5.57189270e+02, 1.18633240e+03,
       5.60911377e+02, 1.23497571e+03, 5.64563904e+02, 1.28367554e+03,
       5.68281433e+02, 1.33233435e+03, 5.72018372e+02, 1.38098389e+03,
       5.75719482e+02, 1.42966064e+03, 5.79408691e+02, 1.47840173e+03,
       5.83117554e+02, 1.52713623e+03, 5.86778015e+02, 1.57582446e+03,
       5.90491943e+02, 3.57375519e+02, 5.46248230e+02, 4.05982361e+02,
       5.49981567e+02, 4.54460632e+02, 5.53696899e+02, 5.03016144e+02,
       5.57477844e+02, 5.51498230e+02, 5.61246765e+02, 6.00052795e+02,
       5.64839966e+02, 6.48590088e+02, 5.68582886e+02, 6.97147705e+02,
       5.72288208e+02, 7.45687622e+02, 5.76073181e+02, 7.94262146e+02,
       5.79788818e+02, 8.42736816e+02, 5.83491638e+02, 8.91322876e+02,
       5.87176758e+02, 9.39896851e+02, 5.90930664e+02, 9.88472778e+02,
       5.94605896e+02, 1.03707666e+03, 5.98300720e+02, 1.08565735e+03,
       6.01961548e+02, 1.13422571e+03, 6.05666443e+02, 1.18290564e+03,
       6.09397339e+02, 1.23146631e+03, 6.13106812e+02, 1.28014771e+03,
       6.16794922e+02, 1.32879907e+03, 6.20523804e+02, 1.37742334e+03,
       6.24214905e+02, 1.42604492e+03, 6.27905151e+02, 1.47480823e+03,
       6.31620300e+02, 1.52353088e+03, 6.35317261e+02, 1.57222815e+03,
       6.38964661e+02, 3.54271088e+02, 5.94723022e+02, 4.02804626e+02,
       5.98433167e+02, 4.51251404e+02, 6.02172058e+02, 4.99826538e+02,
       6.05902405e+02, 5.48314087e+02, 6.09612732e+02, 5.96813599e+02,
       6.13406555e+02, 6.45369141e+02, 6.17071655e+02, 6.93902405e+02,
       6.20753052e+02, 7.42392822e+02, 6.24427979e+02, 7.90947266e+02,
       6.28213806e+02, 8.39452881e+02, 6.31910950e+02, 8.87961243e+02,
       6.35603638e+02, 9.36534119e+02, 6.39385620e+02, 9.85054321e+02,
       6.43091492e+02, 1.03364075e+03, 6.46728516e+02, 1.08219324e+03,
       6.50426086e+02, 1.13075562e+03, 6.54144043e+02, 1.17940198e+03,
       6.57822266e+02, 1.22799280e+03, 6.61546021e+02, 1.27659595e+03,
       6.65259827e+02, 1.32524036e+03, 6.68968628e+02, 1.37386792e+03,
       6.72643860e+02, 1.42256287e+03, 6.76407593e+02, 1.47123694e+03,
       6.80053406e+02, 1.51988916e+03, 6.83755310e+02, 1.56862012e+03,
       6.87503906e+02, 3.51209503e+02, 6.43068481e+02, 3.99650116e+02,
       6.46838928e+02, 4.48167755e+02, 6.50497681e+02, 4.96709442e+02,
       6.54298828e+02, 5.45154602e+02, 6.58002380e+02, 5.93539185e+02,
       6.61662903e+02, 6.42133728e+02, 6.65418152e+02, 6.90619141e+02,
       6.69120056e+02, 7.39161926e+02, 6.72867065e+02, 7.87624329e+02,
       6.76603882e+02, 8.36157227e+02, 6.80274658e+02, 8.84626648e+02,
       6.84054993e+02, 9.33176147e+02, 6.87693909e+02, 9.81697937e+02,
       6.91436523e+02, 1.03024609e+03, 6.95073669e+02, 1.07878638e+03,
       6.98824646e+02, 1.12735706e+03, 7.02495361e+02, 1.17590063e+03,
       7.06227234e+02, 1.22447717e+03, 7.09893433e+02, 1.27307861e+03,
       7.13666016e+02, 1.32166284e+03, 7.17357971e+02, 1.37035339e+03,
       7.21109314e+02, 1.41894104e+03, 7.24782593e+02, 1.46763684e+03,
       7.28478577e+02, 1.51626208e+03, 7.32251343e+02, 1.56499219e+03,
       7.35945618e+02, 3.48047760e+02, 6.91406677e+02, 3.96477875e+02,
       6.95126038e+02, 4.45013763e+02, 6.98871887e+02, 4.93415833e+02,
       7.02563416e+02, 5.41962646e+02, 7.06327759e+02, 5.90378784e+02,
       7.10031067e+02, 6.38930786e+02, 7.13746338e+02, 6.87292419e+02,
       7.17425903e+02, 7.35806702e+02, 7.21155090e+02, 7.84354553e+02,
       7.24881409e+02, 8.32823975e+02, 7.28561707e+02, 8.81329285e+02,
       7.32312195e+02, 9.29797852e+02, 7.36072815e+02, 9.78324951e+02,
       7.39769775e+02, 1.02688245e+03, 7.43456360e+02, 1.07536633e+03,
       7.47210144e+02, 1.12387219e+03, 7.50864868e+02, 1.17242383e+03,
       7.54600403e+02, 1.22101868e+03, 7.58316589e+02, 1.26957751e+03,
       7.62011353e+02, 1.31816626e+03, 7.65746155e+02, 1.36679590e+03,
       7.69416626e+02, 1.41536743e+03, 7.73107666e+02, 1.46401855e+03,
       7.76963318e+02, 1.51270044e+03, 7.80616638e+02, 1.56130981e+03,
       7.84322327e+02, 3.44918671e+02, 7.39628784e+02, 3.93366180e+02,
       7.43371460e+02, 4.41808960e+02, 7.47151550e+02, 4.90253967e+02,
       7.50797058e+02, 5.38713623e+02, 7.54512390e+02, 5.87088684e+02,
       7.58239990e+02, 6.35726440e+02, 7.62016235e+02, 6.84077881e+02,
       7.65807068e+02, 7.32491272e+02, 7.69434998e+02, 7.80955811e+02,
       7.73160889e+02, 8.29422241e+02, 7.76861755e+02, 8.78030029e+02,
       7.80607910e+02, 9.26421814e+02, 7.84285339e+02, 9.74954651e+02,
       7.88070068e+02, 1.02345782e+03, 7.91802917e+02, 1.07192603e+03,
       7.95463074e+02, 1.12041711e+03, 7.99167725e+02, 1.16898889e+03,
       8.02898743e+02, 1.21756360e+03, 8.06640747e+02, 1.26608069e+03,
       8.10334534e+02, 1.31467114e+03, 8.14105591e+02, 1.36321985e+03,
       8.17801453e+02, 1.41179773e+03, 8.21530212e+02, 1.46049182e+03,
       8.25266846e+02, 1.50906836e+03, 8.28971619e+02, 1.55775439e+03,
       8.32694580e+02, 3.41789368e+02, 7.87844238e+02, 3.90174988e+02,
       7.91612366e+02, 4.38558472e+02, 7.95337891e+02, 4.87036133e+02,
       7.99084534e+02, 5.35456543e+02, 8.02885315e+02, 5.83892334e+02,
       8.06507996e+02, 6.32383057e+02, 8.10214783e+02, 6.80794250e+02,
       8.13990295e+02, 7.29257324e+02, 8.17647339e+02, 7.77721191e+02,
       8.21398987e+02, 8.26151733e+02, 8.25164368e+02, 8.74620300e+02,
       8.28851257e+02, 9.23025635e+02, 8.32526672e+02, 9.71500549e+02,
