%YAML:1.0
---
cam_1_2: !!opencv-matrix
   rows: 676
   cols: 1
   dt: "2f"
   data: [ 5.21587646e+02, 5.74032593e+01, 5.68330322e+02,
       6.24473228e+01, 6.15010254e+02, 6.75139465e+01, 6.61509705e+02,
       7.25875702e+01, 7.07882690e+02, 7.75175323e+01, 7.54058167e+02,
       8.25913773e+01, 8.00254517e+02, 8.75794830e+01, 8.46302673e+02,
       9.25009918e+01, 8.92180115e+02, 9.75157623e+01, 9.37973328e+02,
       1.02412636e+02, 9.83694092e+02, 1.07414299e+02, 1.02925378e+03,
       1.12265762e+02, 1.07464014e+03, 1.17190506e+02, 1.11996680e+03,
       1.21977966e+02, 1.16524353e+03, 1.26869415e+02, 1.21035913e+03,
       1.31682877e+02, 1.25538879e+03, 1.36477676e+02, 1.30027600e+03,
       1.41383118e+02, 1.34511670e+03, 1.46197464e+02, 1.38982141e+03,
       1.50918381e+02, 1.43445801e+03, 1.55704102e+02, 1.47892444e+03,
       1.60459457e+02, 1.52331458e+03, 1.65179352e+02, 1.56763074e+03,
       1.69946274e+02, 1.61182300e+03, 1.74640594e+02, 1.65596326e+03,
       1.79264526e+02, 5.15654663e+02, 1.07083733e+02, 5.62350159e+02,
       1.12148094e+02, 6.08945984e+02, 1.17075905e+02, 6.55448120e+02,
       1.22049736e+02, 7.01844482e+02, 1.26970810e+02, 7.48013916e+02,
       1.31959473e+02, 7.94237061e+02, 1.36889801e+02, 8.40184387e+02,
       1.41766663e+02, 8.86127869e+02, 1.46661194e+02, 9.31845825e+02,
       1.51581680e+02, 9.77510498e+02, 1.56386871e+02, 1.02311700e+03,
       1.61352524e+02, 1.06851526e+03, 1.66093796e+02, 1.11392407e+03,
       1.70890717e+02, 1.15912708e+03, 1.75712128e+02, 1.20423010e+03,
       1.80497604e+02, 1.24923889e+03, 1.85248489e+02, 1.29416333e+03,
       1.89979004e+02, 1.33894092e+03, 1.94788788e+02, 1.38360608e+03,
       1.99475815e+02, 1.42819641e+03, 2.04165833e+02, 1.47277002e+03,
       2.08883530e+02, 1.51699353e+03, 2.13653137e+02, 1.56138501e+03,
       2.18232925e+02, 1.60562000e+03, 2.22884811e+02, 1.64972302e+03,
       2.27551865e+02, 5.09592133e+02, 1.56737778e+02, 5.56318115e+02,
       1.61659866e+02, 6.02969604e+02, 1.66652130e+02, 6.49441284e+02,
       1.71605270e+02, 6.95765137e+02, 1.76370529e+02, 7.41973938e+02,
       1.81318909e+02, 7.88091370e+02, 1.86201965e+02, 8.34109070e+02,
       1.90943848e+02, 8.80060547e+02, 1.95830566e+02, 9.25726501e+02,
       2.00648788e+02, 9.71467285e+02, 2.05449799e+02, 1.01697949e+03,
       2.10241837e+02, 1.06241284e+03, 2.14994934e+02, 1.10773694e+03,
       2.19752106e+02, 1.15296912e+03, 2.24563721e+02, 1.19807886e+03,
       2.29230865e+02, 1.24308643e+03, 2.33938522e+02, 1.28797974e+03,
       2.38706253e+02, 1.33268726e+03, 2.43343353e+02, 1.37742090e+03,
       2.47976242e+02, 1.42209912e+03, 2.52591049e+02, 1.46647058e+03,
       2.57265869e+02, 1.51087207e+03, 2.61892090e+02, 1.55520557e+03,
       2.66421753e+02, 1.59931262e+03, 2.70975006e+02, 1.64345386e+03,
       2.75660339e+02, 5.03667389e+02, 2.06464615e+02, 5.50277222e+02,
       2.11210068e+02, 5.96876831e+02, 2.16118591e+02, 6.43364319e+02,
       2.20993912e+02, 6.89723145e+02, 2.25825821e+02, 7.36023560e+02,
       2.30658173e+02, 7.82041504e+02, 2.35445557e+02, 8.28011841e+02,
       2.40205139e+02, 8.73923889e+02, 2.44964081e+02, 9.19711670e+02,
       2.49718155e+02, 9.65362915e+02, 2.54476013e+02, 1.01091968e+03,
       2.59208832e+02, 1.05634534e+03, 2.63994293e+02, 1.10163074e+03,
       2.68634705e+02, 1.14677832e+03, 2.73266907e+02, 1.19192773e+03,
       2.77978455e+02, 1.23691907e+03, 2.82581604e+02, 1.28177100e+03,
       2.87210968e+02, 1.32653210e+03, 2.91807526e+02, 1.37128040e+03,
       2.96423676e+02, 1.41583752e+03, 3.01026489e+02, 1.46034680e+03,
       3.05587891e+02, 1.50464612e+03, 3.10152222e+02, 1.54901770e+03,
       3.14688995e+02, 1.59314368e+03, 3.19298645e+02, 1.63721753e+03,
       3.23796387e+02, 4.97591583e+02, 2.55981613e+02, 5.44308838e+02,
       2.60775208e+02, 5.90943115e+02, 2.65623840e+02, 6.37390442e+02,
       2.70436279e+02, 6.83661987e+02, 2.75165771e+02, 7.29896301e+02,
       2.79895630e+02, 7.76004028e+02, 2.84635193e+02, 8.21959229e+02,
       2.89339020e+02, 8.67834412e+02, 2.94032074e+02, 9.13657410e+02,
       2.98830811e+02, 9.59280212e+02, 3.03496002e+02, 1.00480542e+03,
       3.08100586e+02, 1.05021924e+03, 3.12781433e+02, 1.09538098e+03,
       3.17488831e+02, 1.14060046e+03, 3.21951355e+02, 1.18578650e+03,
       3.26662018e+02, 1.23074744e+03, 3.31232391e+02, 1.27563940e+03,
       3.35792969e+02, 1.32042920e+03, 3.40391296e+02, 1.36504968e+03,
       3.44896271e+02, 1.40963611e+03, 3.49380829e+02, 1.45418347e+03,
       3.53873962e+02, 1.49850061e+03, 3.58439606e+02, 1.54279041e+03,
       3.62963776e+02, 1.58690771e+03, 3.67377869e+02, 1.63102246e+03,
       3.71841858e+02, 4.91633728e+02, 3.05561096e+02, 5.38283447e+02,
       3.10290619e+02, 5.84844543e+02, 3.15006195e+02, 6.31261292e+02,
       3.19698517e+02, 6.77630432e+02, 3.24417847e+02, 7.23913940e+02,
       3.29174500e+02, 7.69966797e+02, 3.33814575e+02, 8.15888794e+02,
       3.38485413e+02, 8.61762939e+02, 3.43231323e+02, 9.07563477e+02,
       3.47744385e+02, 9.53158752e+02, 3.52371582e+02, 9.98673401e+02,
       3.56975952e+02, 1.04411890e+03, 3.61570343e+02, 1.08936743e+03,
       3.66100861e+02, 1.13455566e+03, 3.70656555e+02, 1.17965112e+03,
       3.75228210e+02, 1.22461621e+03, 3.79746552e+02, 1.26947290e+03,
       3.84301941e+02, 1.31428760e+03, 3.88800140e+02, 1.35892725e+03,
       3.93287384e+02, 1.40349121e+03, 3.97724670e+02, 1.44794336e+03,
       4.02198273e+02, 1.49233630e+03, 4.06683502e+02, 1.53661841e+03,
       4.11077667e+02, 1.58074976e+03, 4.15490295e+02, 1.62478748e+03,
       4.19979004e+02, 4.85648712e+02, 3.54971252e+02, 5.32248413e+02,
       3.59731354e+02, 5.78845398e+02, 3.64428436e+02, 6.25307373e+02,
       3.69137054e+02, 6.71614075e+02, 3.73685089e+02, 7.17790527e+02,
       3.78343201e+02, 7.63898071e+02, 3.82976044e+02, 8.09877258e+02,
       3.87610291e+02, 8.55719788e+02, 3.92152588e+02, 9.01493164e+02,
       3.96693878e+02, 9.47084717e+02, 4.01244904e+02, 9.92630127e+02,
       4.05853333e+02, 1.03801526e+03, 4.10279175e+02, 1.08327319e+03,
       4.14884460e+02, 1.12844739e+03, 4.19380463e+02, 1.17354480e+03,
       4.23825439e+02, 1.21851746e+03, 4.28307068e+02, 1.26336096e+03,
       4.32761658e+02, 1.30809253e+03, 4.37255157e+02, 1.35278491e+03,
       4.41647980e+02, 1.39738452e+03, 4.46033478e+02, 1.44176294e+03,
       4.50482117e+02, 1.48613196e+03, 4.54882721e+02, 1.53034692e+03,
       4.59218048e+02, 1.57452991e+03, 4.63603088e+02, 1.61860693e+03,
       4.67985321e+02, 4.79648041e+02, 4.04530060e+02, 5.26345825e+02,
       4.09139282e+02, 5.72864380e+02, 4.13809540e+02, 6.19309570e+02,
       4.18355896e+02, 6.65633911e+02, 4.23026917e+02, 7.11698547e+02,
       4.27532776e+02, 7.57864868e+02, 4.32068939e+02, 8.03815186e+02,
       4.36675629e+02, 8.49631836e+02, 4.41155457e+02, 8.95436829e+02,
       4.45608826e+02, 9.40974121e+02, 4.50140991e+02, 9.86500793e+02,
       4.54628784e+02, 1.03192651e+03, 4.59089600e+02, 1.07727319e+03,
       4.63567780e+02, 1.12234180e+03, 4.67989349e+02, 1.16746008e+03,
       4.72445801e+02, 1.21240625e+03, 4.76814362e+02, 1.25725342e+03,
       4.81219055e+02, 1.30196167e+03, 4.85583923e+02, 1.34659851e+03,
       4.89985077e+02, 1.39119519e+03, 4.94349030e+02, 1.43564941e+03,
       4.98653168e+02, 1.47993616e+03, 5.03020508e+02, 1.52418726e+03,
       5.07321838e+02, 1.56835669e+03, 5.11664368e+02, 1.61238342e+03,
       5.15944153e+02, 4.73744995e+02, 4.54030182e+02, 5.20314819e+02,
       4.58544037e+02, 5.66810303e+02, 4.63159943e+02, 6.13254883e+02,
       4.67638062e+02, 6.59561584e+02, 4.72157288e+02, 7.05764526e+02,
       4.76601776e+02, 7.51805847e+02, 4.81150116e+02, 7.97759888e+02,
       4.85640747e+02, 8.43564819e+02, 4.90096069e+02, 8.89318970e+02,
       4.94537384e+02, 9.34928894e+02, 4.98977600e+02, 9.80414429e+02,
       5.03369080e+02, 1.02579236e+03, 5.07772797e+02, 1.07111389e+03,
