%YAML:1.0
---
cam_1_1: !!opencv-matrix
   rows: 676
   cols: 1
   dt: "2f"
   data: [ 1.04515137e+03, 1.96042755e+02, 1.09425232e+03,
       1.96832550e+02, 1.14345862e+03, 1.97671951e+02, 1.19264941e+03,
       1.98568222e+02, 1.24162695e+03, 1.99327164e+02, 1.29056885e+03,
       2.00205002e+02, 1.33950952e+03, 2.01082596e+02, 1.38839209e+03,
       2.01903046e+02, 1.43707202e+03, 2.02712158e+02, 1.48588123e+03,
       2.03558243e+02, 1.53446973e+03, 2.04380829e+02, 1.58309766e+03,
       2.05116257e+02, 1.63154846e+03, 2.05869629e+02, 1.68006372e+03,
       2.06750946e+02, 1.72850635e+03, 2.07532257e+02, 1.77686523e+03,
       2.08256439e+02, 1.82513953e+03, 2.09043655e+02, 1.87338782e+03,
       2.09848038e+02, 1.92163623e+03, 2.10573914e+02, 1.96979187e+03,
       2.11321182e+02, 2.01778064e+03, 2.12157028e+02, 2.06587109e+03,
       2.12870346e+02, 2.11375586e+03, 2.13593109e+02, 2.16171997e+03,
       2.14371933e+02, 2.20968042e+03, 2.15049301e+02, 2.25747095e+03,
       2.15798950e+02, 1.04444324e+03, 2.46386230e+02, 1.09373389e+03,
       2.47176971e+02, 1.14287170e+03, 2.48016342e+02, 1.19193042e+03,
       2.48866196e+02, 1.24102283e+03, 2.49731430e+02, 1.28996326e+03,
       2.50510437e+02, 1.33892175e+03, 2.51306870e+02, 1.38776184e+03,
       2.52013809e+02, 1.43651270e+03, 2.52966568e+02, 1.48512646e+03,
       2.53707016e+02, 1.53383167e+03, 2.54440186e+02, 1.58239331e+03,
       2.55255951e+02, 1.63092029e+03, 2.55947525e+02, 1.67937366e+03,
       2.56735352e+02, 1.72774744e+03, 2.57507111e+02, 1.77614099e+03,
       2.58180756e+02, 1.82439978e+03, 2.59016296e+02, 1.87269836e+03,
       2.59655060e+02, 1.92084509e+03, 2.60443268e+02, 1.96898645e+03,
       2.61215240e+02, 2.01708923e+03, 2.61838287e+02, 2.06508667e+03,
       2.62592682e+02, 2.11294800e+03, 2.63329529e+02, 2.16096313e+03,
       2.64075775e+02, 2.20881836e+03, 2.64654205e+02, 2.25659717e+03,
       2.65437073e+02, 1.04394263e+03, 2.96826965e+02, 1.09314258e+03,
       2.97686371e+02, 1.14230066e+03, 2.98403992e+02, 1.19133752e+03,
       2.99174316e+02, 1.24030774e+03, 2.99994171e+02, 1.28925232e+03,
       3.00723236e+02, 1.33820483e+03, 3.01502106e+02, 1.38703125e+03,
       3.02220306e+02, 1.43576538e+03, 3.03009155e+02, 1.48446082e+03,
       3.03785217e+02, 1.53308984e+03, 3.04490692e+02, 1.58175269e+03,
       3.05276093e+02, 1.63017480e+03, 3.05991699e+02, 1.67871204e+03,
       3.06714813e+02, 1.72711377e+03, 3.07396698e+02, 1.77544385e+03,
       3.08131958e+02, 1.82366553e+03, 3.08822876e+02, 1.87194006e+03,
       3.09539978e+02, 1.92009204e+03, 3.10220947e+02, 1.96824084e+03,
       3.10955780e+02, 2.01631531e+03, 3.11670197e+02, 2.06435059e+03,
       3.12371216e+02, 2.11224194e+03, 3.13056366e+02, 2.16019067e+03,
       3.13740570e+02, 2.20806104e+03, 3.14434784e+02, 2.25589307e+03,
       3.15046600e+02, 1.04326794e+03, 3.47194519e+02, 1.09245923e+03,
       3.47947906e+02, 1.14162952e+03, 3.48729828e+02, 1.19068225e+03,
       3.49475769e+02, 1.23974585e+03, 3.50184692e+02, 1.28874548e+03,
       3.50952332e+02, 1.33750281e+03, 3.51690033e+02, 1.38638477e+03,
       3.52387909e+02, 1.43509326e+03, 3.53102203e+02, 1.48382593e+03,
       3.53847626e+02, 1.53240405e+03, 3.54605621e+02, 1.58099048e+03,
       3.55181244e+02, 1.62951343e+03, 3.55959900e+02, 1.67797681e+03,
       3.56602325e+02, 1.72634705e+03, 3.57281189e+02, 1.77471655e+03,
       3.58077515e+02, 1.82295264e+03, 3.58699371e+02, 1.87116211e+03,
       3.59358673e+02, 1.91933301e+03, 3.60063568e+02, 1.96747034e+03,
       3.60726440e+02, 2.01550879e+03, 3.61348053e+02, 2.06355103e+03,
       3.62075348e+02, 2.11149487e+03, 3.62730408e+02, 2.15938892e+03,
       3.63348022e+02, 2.20719897e+03, 3.63940887e+02, 2.25500781e+03,
       3.64638611e+02, 1.04265271e+03, 3.97686981e+02, 1.09187866e+03,
       3.98274323e+02, 1.14096448e+03, 3.99037140e+02, 1.19002588e+03,
       3.99736572e+02, 1.23905774e+03, 4.00381134e+02, 1.28797388e+03,
       4.01087646e+02, 1.33684705e+03, 4.01842346e+02, 1.38562524e+03,
       4.02532898e+02, 1.43438379e+03, 4.03162506e+02, 1.48306409e+03,
       4.03927795e+02, 1.53171277e+03, 4.04572662e+02, 1.58027954e+03,
       4.05220398e+02, 1.62879810e+03, 4.05919891e+02, 1.67725830e+03,
       4.06555481e+02, 1.72557178e+03, 4.07254120e+02, 1.77391760e+03,
       4.07861206e+02, 1.82221265e+03, 4.08566376e+02, 1.87041309e+03,
       4.09206482e+02, 1.91862903e+03, 4.09838806e+02, 1.96667896e+03,
       4.10440216e+02, 2.01474768e+03, 4.11058167e+02, 2.06269409e+03,
       4.11753174e+02, 2.11057593e+03, 4.12208466e+02, 2.15865356e+03,
       4.13003998e+02, 2.20644556e+03, 4.13592255e+02, 2.25419531e+03,
       4.14253174e+02, 1.04196301e+03, 4.47872925e+02, 1.09122571e+03,
       4.48678284e+02, 1.14036597e+03, 4.49267273e+02, 1.18939502e+03,
       4.49924377e+02, 1.23838269e+03, 4.50608307e+02, 1.28731335e+03,
       4.51304596e+02, 1.33616638e+03, 4.51976288e+02, 1.38501196e+03,
       4.52625305e+02, 1.43374963e+03, 4.53198547e+02, 1.48240784e+03,
       4.53940491e+02, 1.53101196e+03, 4.54556366e+02, 1.57954675e+03,
       4.55229889e+02, 1.62807068e+03, 4.55893738e+02, 1.67644800e+03,
       4.56498657e+02, 1.72491870e+03, 4.57074127e+02, 1.77317139e+03,
       4.57748627e+02, 1.82146045e+03, 4.58341370e+02, 1.86969946e+03,
       4.58955414e+02, 1.91782043e+03, 4.59560822e+02, 1.96593555e+03,
       4.60206177e+02, 2.01402954e+03, 4.60806274e+02, 2.06199414e+03,
       4.61356476e+02, 2.10996338e+03, 4.61955627e+02, 2.15777222e+03,
       4.62608948e+02, 2.20571338e+03, 4.63145111e+02, 2.25345166e+03,
       4.63762268e+02, 1.04140356e+03, 4.98303650e+02, 1.09053162e+03,
       4.98876862e+02, 1.13969080e+03, 4.99490601e+02, 1.18875574e+03,
       5.00175140e+02, 1.23773511e+03, 5.00785858e+02, 1.28664990e+03,
       5.01477875e+02, 1.33552954e+03, 5.02056946e+02, 1.38431067e+03,
       5.02740387e+02, 1.43307227e+03, 5.03304993e+02, 1.48173169e+03,
       5.03937866e+02, 1.53031689e+03, 5.04529968e+02, 1.57885278e+03,
       5.05165741e+02, 1.62736292e+03, 5.05750305e+02, 1.67578259e+03,
       5.06329254e+02, 1.72411609e+03, 5.06991455e+02, 1.77243848e+03,
       5.07554382e+02, 1.82069934e+03, 5.08152863e+02, 1.86895654e+03,
       5.08736603e+02, 1.91708350e+03, 5.09290039e+02, 1.96519727e+03,
       5.09904846e+02, 2.01324890e+03, 5.10471405e+02, 2.06121021e+03,
       5.11033234e+02, 2.10915796e+03, 5.11593689e+02, 2.15695825e+03,
       5.12197327e+02, 2.20490112e+03, 5.12699768e+02, 2.25268823e+03,
       5.13312378e+02, 1.04074731e+03, 5.48632812e+02, 1.08985229e+03,
       5.49218750e+02, 1.13905151e+03, 5.49775513e+02, 1.18805713e+03,
       5.50339783e+02, 1.23707263e+03, 5.50979614e+02, 1.28593506e+03,
       5.51632141e+02, 1.33483960e+03, 5.52210510e+02, 1.38365759e+03,
       5.52771240e+02, 1.43243994e+03, 5.53475220e+02, 1.48102551e+03,
       5.53929077e+02, 1.52958557e+03, 5.54501953e+02, 1.57813171e+03,
       5.55094971e+02, 1.62667822e+03, 5.55657043e+02, 1.67513513e+03,
       5.56252625e+02, 1.72341150e+03, 5.56836914e+02, 1.77169983e+03,
       5.57434570e+02, 1.81997607e+03, 5.57983826e+02, 1.86815442e+03,
       5.58538147e+02, 1.91635913e+03, 5.59021118e+02, 1.96451294e+03,
       5.59515015e+02, 2.01252856e+03, 5.60080383e+02, 2.06043408e+03,
       5.60730042e+02, 2.10842432e+03, 5.61204163e+02, 2.15623438e+03,
       5.61772278e+02, 2.20403857e+03, 5.62351013e+02, 2.25183667e+03,
       5.62812927e+02, 1.04010339e+03, 5.98867920e+02, 1.08930896e+03,
       5.99390198e+02, 1.13836401e+03, 6.00040527e+02, 1.18748376e+03,
       6.00562622e+02, 1.23640283e+03, 6.01102966e+02, 1.28532275e+03,
       6.01683350e+02, 1.33418250e+03, 6.02205444e+02, 1.38295349e+03,
       6.02857422e+02, 1.43171350e+03, 6.03371460e+02, 1.48034216e+03,
       6.03938110e+02, 1.52894104e+03, 6.04489014e+02, 1.57744983e+03,
       6.05052063e+02, 1.62592761e+03, 6.05612244e+02, 1.67433508e+03,
