%YAML:1.0
---
cam_2_1: !!opencv-matrix
   rows: 676
   cols: 1
   dt: "2f"
   data: [ 7.35031677e+02, 5.30715637e+02, 7.83324646e+02,
       5.30414001e+02, 8.31540405e+02, 5.30364136e+02, 8.79939270e+02,
       5.30193481e+02, 9.28355530e+02, 5.29961731e+02, 9.76854004e+02,
       5.29788940e+02, 1.02549915e+03, 5.29685669e+02, 1.07405688e+03,
       5.29417969e+02, 1.12272351e+03, 5.29261719e+02, 1.17142358e+03,
       5.28995239e+02, 1.22028015e+03, 5.28864990e+02, 1.26918420e+03,
       5.28578491e+02, 1.31802954e+03, 5.28375183e+02, 1.36712036e+03,
       5.28244080e+02, 1.41625452e+03, 5.27976013e+02, 1.46536279e+03,
       5.27738037e+02, 1.51470251e+03, 5.27580444e+02, 1.56393188e+03,
       5.27324707e+02, 1.61335632e+03, 5.27108582e+02, 1.66281323e+03,
       5.26873352e+02, 1.71231726e+03, 5.26673218e+02, 1.76192773e+03,
       5.26373840e+02, 1.81168018e+03, 5.26119507e+02, 1.86140405e+03,
       5.25855347e+02, 1.91121069e+03, 5.25716736e+02, 1.96110632e+03,
       5.25413025e+02, 7.35016357e+02, 5.80451477e+02, 7.83362610e+02,
       5.80307800e+02, 8.31616272e+02, 5.80138550e+02, 8.80045105e+02,
       5.79985413e+02, 9.28362793e+02, 5.79794128e+02, 9.76897217e+02,
       5.79743958e+02, 1.02547754e+03, 5.79508362e+02, 1.07408630e+03,
       5.79354248e+02, 1.12276990e+03, 5.79200562e+02, 1.17149695e+03,
       5.79010193e+02, 1.22038696e+03, 5.78839661e+02, 1.26922949e+03,
       5.78672424e+02, 1.31813879e+03, 5.78540283e+02, 1.36718274e+03,
       5.78386963e+02, 1.41629382e+03, 5.78205872e+02, 1.46532690e+03,
       5.77986694e+02, 1.51462378e+03, 5.77747437e+02, 1.56387268e+03,
       5.77642273e+02, 1.61331421e+03, 5.77380859e+02, 1.66275964e+03,
       5.77285278e+02, 1.71222693e+03, 5.77057678e+02, 1.76185901e+03,
       5.76875732e+02, 1.81151599e+03, 5.76632263e+02, 1.86127893e+03,
       5.76402954e+02, 1.91111719e+03, 5.76138367e+02, 1.96099707e+03,
       5.76013916e+02, 7.35163147e+02, 6.30220459e+02, 7.83415283e+02,
       6.30084900e+02, 8.31702209e+02, 6.29966553e+02, 8.80153503e+02,
       6.29903748e+02, 9.28480225e+02, 6.29702393e+02, 9.76969482e+02,
       6.29616516e+02, 1.02552405e+03, 6.29514038e+02, 1.07409900e+03,
       6.29363220e+02, 1.12277039e+03, 6.29203064e+02, 1.17154480e+03,
       6.29036804e+02, 1.22038672e+03, 6.28897095e+02, 1.26923657e+03,
       6.28795105e+02, 1.31818201e+03, 6.28755554e+02, 1.36720776e+03,
       6.28515503e+02, 1.41628284e+03, 6.28326416e+02, 1.46544263e+03,
       6.28274536e+02, 1.51465186e+03, 6.28162659e+02, 1.56396411e+03,
       6.27924866e+02, 1.61325757e+03, 6.27799072e+02, 1.66269946e+03,
       6.27690613e+02, 1.71235815e+03, 6.27532898e+02, 1.76188708e+03,
       6.27314331e+02, 1.81157227e+03, 6.27251831e+02, 1.86125549e+03,
       6.26959717e+02, 1.91111475e+03, 6.26835693e+02, 1.96090735e+03,
       6.26725403e+02, 7.35274170e+02, 6.80018372e+02, 7.83471680e+02,
       6.79934204e+02, 8.31817993e+02, 6.79815552e+02, 8.80168274e+02,
       6.79729553e+02, 9.28629150e+02, 6.79714417e+02, 9.77100403e+02,
       6.79520264e+02, 1.02562683e+03, 6.79514709e+02, 1.07416541e+03,
       6.79351562e+02, 1.12286133e+03, 6.79274597e+02, 1.17161316e+03,
       6.79154602e+02, 1.22044189e+03, 6.79060852e+02, 1.26923352e+03,
       6.79028076e+02, 1.31823022e+03, 6.78812988e+02, 1.36725964e+03,
       6.78765320e+02, 1.41629590e+03, 6.78638367e+02, 1.46543140e+03,
       6.78533264e+02, 1.51462817e+03, 6.78443909e+02, 1.56396289e+03,
       6.78317566e+02, 1.61319788e+03, 6.78217834e+02, 1.66276135e+03,
       6.78070374e+02, 1.71224316e+03, 6.77999207e+02, 1.76175000e+03,
       6.77880188e+02, 1.81151953e+03, 6.77679321e+02, 1.86126819e+03,
       6.77658264e+02, 1.91109412e+03, 6.77482239e+02, 1.96107495e+03,
       6.77283875e+02, 7.35359985e+02, 7.29768555e+02, 7.83589355e+02,
       7.29702454e+02, 8.31858337e+02, 7.29656494e+02, 8.80303467e+02,
       7.29528748e+02, 9.28662964e+02, 7.29536621e+02, 9.77164734e+02,
       7.29479187e+02, 1.02564038e+03, 7.29407288e+02, 1.07435010e+03,
       7.29324097e+02, 1.12299231e+03, 7.29262024e+02, 1.17162683e+03,
       7.29248779e+02, 1.22044897e+03, 7.29133728e+02, 1.26935999e+03,
       7.29112671e+02, 1.31822229e+03, 7.28975891e+02, 1.36719885e+03,
       7.28989380e+02, 1.41631995e+03, 7.28873779e+02, 1.46545996e+03,
       7.28818726e+02, 1.51462524e+03, 7.28714233e+02, 1.56399695e+03,
       7.28639160e+02, 1.61328162e+03, 7.28577454e+02, 1.66268848e+03,
       7.28535706e+02, 1.71226562e+03, 7.28421692e+02, 1.76183752e+03,
       7.28334778e+02, 1.81155322e+03, 7.28193359e+02, 1.86115198e+03,
       7.28154785e+02, 1.91109167e+03, 7.28146729e+02, 1.96095972e+03,
       7.27984314e+02, 7.35392761e+02, 7.79539795e+02, 7.83633423e+02,
       7.79535095e+02, 8.31958008e+02, 7.79450867e+02, 8.80281677e+02,
       7.79446594e+02, 9.28659424e+02, 7.79446594e+02, 9.77195923e+02,
       7.79437866e+02, 1.02573547e+03, 7.79367859e+02, 1.07437061e+03,
       7.79369202e+02, 1.12295410e+03, 7.79334961e+02, 1.17164966e+03,
       7.79281738e+02, 1.22044421e+03, 7.79257385e+02, 1.26933472e+03,
       7.79173218e+02, 1.31825049e+03, 7.79207031e+02, 1.36730347e+03,
       7.79198792e+02, 1.41633240e+03, 7.79112061e+02, 1.46544019e+03,
       7.79059753e+02, 1.51464368e+03, 7.78994690e+02, 1.56391016e+03,
       7.78967224e+02, 1.61325452e+03, 7.78978455e+02, 1.66271655e+03,
       7.78912476e+02, 1.71217651e+03, 7.78855774e+02, 1.76156860e+03,
       7.78858032e+02, 1.81143359e+03, 7.78845459e+02, 1.86117688e+03,
       7.78759705e+02, 1.91101611e+03, 7.78653381e+02, 1.96090906e+03,
       7.78580750e+02, 7.35427612e+02, 8.29239075e+02, 7.83601379e+02,
       8.29276978e+02, 8.31969543e+02, 8.29234741e+02, 8.80338135e+02,
       8.29272644e+02, 9.28687439e+02, 8.29273560e+02, 9.77204773e+02,
       8.29318359e+02, 1.02574512e+03, 8.29267090e+02, 1.07429260e+03,
       8.29254395e+02, 1.12300598e+03, 8.29327332e+02, 1.17173120e+03,
       8.29280396e+02, 1.22048523e+03, 8.29248962e+02, 1.26935022e+03,
       8.29301025e+02, 1.31826099e+03, 8.29283508e+02, 1.36730017e+03,
       8.29303467e+02, 1.41631189e+03, 8.29315918e+02, 1.46545703e+03,
       8.29292725e+02, 1.51468311e+03, 8.29394409e+02, 1.56389001e+03,
       8.29306152e+02, 1.61327747e+03, 8.29240601e+02, 1.66270251e+03,
       8.29266724e+02, 1.71215442e+03, 8.29251709e+02, 1.76186157e+03,
       8.29249023e+02, 1.81150793e+03, 8.29261902e+02, 1.86123364e+03,
       8.29251892e+02, 1.91094397e+03, 8.29207092e+02, 1.96089392e+03,
       8.29227234e+02, 7.35469299e+02, 8.78890625e+02, 7.83712524e+02,
       8.78977295e+02, 8.32087280e+02, 8.78951538e+02, 8.80368652e+02,
       8.79007324e+02, 9.28767883e+02, 8.79114746e+02, 9.77263794e+02,
       8.79111206e+02, 1.02574231e+03, 8.79145813e+02, 1.07436780e+03,
       8.79137817e+02, 1.12301514e+03, 8.79228760e+02, 1.17171594e+03,
       8.79242004e+02, 1.22052966e+03, 8.79243103e+02, 1.26934033e+03,
       8.79265869e+02, 1.31828137e+03, 8.79359985e+02, 1.36733643e+03,
       8.79428406e+02, 1.41627893e+03, 8.79392761e+02, 1.46551855e+03,
       8.79434448e+02, 1.51467859e+03, 8.79432129e+02, 1.56394824e+03,
       8.79497437e+02, 1.61326660e+03, 8.79590149e+02, 1.66265710e+03,
       8.79550415e+02, 1.71220459e+03, 8.79597900e+02, 1.76174011e+03,
       8.79606079e+02, 1.81146826e+03, 8.79648621e+02, 1.86112097e+03,
       8.79760132e+02, 1.91094958e+03, 8.79777100e+02, 1.96084961e+03,
       8.79656006e+02, 7.35605347e+02, 9.28498169e+02, 7.83871460e+02,
       9.28592468e+02, 8.32085083e+02, 9.28581543e+02, 8.80433716e+02,
       9.28724548e+02, 9.28814331e+02, 9.28709717e+02, 9.77293701e+02,
       9.28855835e+02, 1.02580591e+03, 9.28926758e+02, 1.07440881e+03,
       9.28987244e+02, 1.12308301e+03, 9.29100647e+02, 1.17171973e+03,
       9.29078003e+02, 1.22060107e+03, 9.29143677e+02, 1.26941077e+03,
       9.29288818e+02, 1.31835876e+03, 9.29390503e+02, 1.36733167e+03,
