%YAML:1.0
---
cam_2_2: !!opencv-matrix
   rows: 676
   cols: 1
   dt: "2f"
   data: [ 3.84116730e+02, 5.72751221e+02, 4.34785309e+02,
       5.66859375e+02, 4.85383240e+02, 5.60992859e+02, 5.36020142e+02,
       5.55158142e+02, 5.86564270e+02, 5.49184875e+02, 6.36923035e+02,
       5.43255188e+02, 6.87562866e+02, 5.37446960e+02, 7.38205505e+02,
       5.31617981e+02, 7.88662415e+02, 5.25649902e+02, 8.39032043e+02,
       5.19755920e+02, 8.89489197e+02, 5.13915039e+02, 9.39815735e+02,
       5.08031708e+02, 9.90059265e+02, 5.02095947e+02, 1.04029395e+03,
       4.96197693e+02, 1.09067725e+03, 4.90426117e+02, 1.14095178e+03,
       4.84339386e+02, 1.19117358e+03, 4.78606323e+02, 1.24134338e+03,
       4.72725800e+02, 1.29156470e+03, 4.66831635e+02, 1.34175684e+03,
       4.60968903e+02, 1.39192151e+03, 4.55112274e+02, 1.44212085e+03,
       4.49129242e+02, 1.49231531e+03, 4.43285706e+02, 1.54235242e+03,
       4.37516388e+02, 1.59247339e+03, 4.31579742e+02, 1.64266895e+03,
       4.25718506e+02, 3.90389709e+02, 6.22768555e+02, 4.41110931e+02,
       6.16914978e+02, 4.91685852e+02, 6.11050110e+02, 5.42155579e+02,
       6.05028015e+02, 5.92847412e+02, 5.99230652e+02, 6.43328247e+02,
       5.93263489e+02, 6.94002197e+02, 5.87415527e+02, 7.44461670e+02,
       5.81521851e+02, 7.94888428e+02, 5.75734497e+02, 8.45420654e+02,
       5.69656372e+02, 8.95881836e+02, 5.63872498e+02, 9.46054077e+02,
       5.57896790e+02, 9.96377686e+02, 5.51920715e+02, 1.04687500e+03,
       5.46142883e+02, 1.09714392e+03, 5.40305786e+02, 1.14744519e+03,
       5.34304077e+02, 1.19767395e+03, 5.28486328e+02, 1.24776636e+03,
       5.22562378e+02, 1.29797522e+03, 5.16588745e+02, 1.34818372e+03,
       5.10789734e+02, 1.39842383e+03, 5.04861298e+02, 1.44859106e+03,
       4.98946777e+02, 1.49877588e+03, 4.93049622e+02, 1.54889587e+03,
       4.87106262e+02, 1.59908862e+03, 4.81142487e+02, 1.64916760e+03,
       4.75271271e+02, 3.96589020e+02, 6.72870361e+02, 4.47188629e+02,
       6.66950867e+02, 4.97985901e+02, 6.61077209e+02, 5.48502991e+02,
       6.55117920e+02, 5.99217712e+02, 6.49144775e+02, 6.49765320e+02,
       6.43310059e+02, 7.00285889e+02, 6.37374146e+02, 7.50714233e+02,
       6.31511963e+02, 8.01217957e+02, 6.25544189e+02, 8.51724915e+02,
       6.19673340e+02, 9.01922363e+02, 6.13725464e+02, 9.52325378e+02,
       6.07865051e+02, 1.00277618e+03, 6.01962891e+02, 1.05329358e+03,
       5.96033997e+02, 1.10352600e+03, 5.90201782e+02, 1.15372461e+03,
       5.84146729e+02, 1.20405835e+03, 5.78247620e+02, 1.25419397e+03,
       5.72307129e+02, 1.30458862e+03, 5.66421509e+02, 1.35468225e+03,
       5.60513184e+02, 1.40495459e+03, 5.54750305e+02, 1.45505627e+03,
       5.48734680e+02, 1.50530261e+03, 5.42854004e+02, 1.55545569e+03,
       5.36861633e+02, 1.60563672e+03, 5.30927551e+02, 1.65578760e+03,
       5.25026489e+02, 4.02842560e+02, 7.23090210e+02, 4.53593689e+02,
       7.17201355e+02, 5.04089600e+02, 7.11148987e+02, 5.54829834e+02,
       7.05190491e+02, 6.05411499e+02, 6.99299377e+02, 6.55991394e+02,
       6.93299194e+02, 7.06567871e+02, 6.87387939e+02, 7.57100220e+02,
       6.81552673e+02, 8.07549011e+02, 6.75515808e+02, 8.58071777e+02,
       6.69593811e+02, 9.08389282e+02, 6.63686462e+02, 9.58783813e+02,
       6.57900513e+02, 1.00929688e+03, 6.51875244e+02, 1.05940588e+03,
       6.45906006e+02, 1.10986401e+03, 6.39915344e+02, 1.16020972e+03,
       6.34156128e+02, 1.21040881e+03, 6.28158203e+02, 1.26070654e+03,
       6.22194641e+02, 1.31097876e+03, 6.16314636e+02, 1.36122351e+03,
       6.10374390e+02, 1.41132971e+03, 6.04380615e+02, 1.46186743e+03,
       5.98805298e+02, 1.51176978e+03, 5.92587585e+02, 1.56198279e+03,
       5.86622009e+02, 1.61230151e+03, 5.80836792e+02, 1.66226428e+03,
       5.74874878e+02, 4.09007843e+02, 7.73224609e+02, 4.59867645e+02,
       7.67405884e+02, 5.10376495e+02, 7.61420532e+02, 5.61063660e+02,
       7.55405457e+02, 6.11670227e+02, 7.49450989e+02, 6.62256531e+02,
       7.43495544e+02, 7.12833130e+02, 7.37329529e+02, 7.63357117e+02,
       7.31501831e+02, 8.13947021e+02, 7.25620789e+02, 8.64378174e+02,
       7.19741394e+02, 9.14821533e+02, 7.13645630e+02, 9.65203003e+02,
       7.07785156e+02, 1.01562372e+03, 7.01797607e+02, 1.06584619e+03,
       6.96239502e+02, 1.11639771e+03, 6.89835266e+02, 1.16657202e+03,
       6.83995544e+02, 1.21684619e+03, 6.78038940e+02, 1.26716528e+03,
       6.72163696e+02, 1.31744360e+03, 6.66076782e+02, 1.36757971e+03,
       6.60269897e+02, 1.41790540e+03, 6.54226257e+02, 1.46809375e+03,
       6.48329224e+02, 1.51826855e+03, 6.42349976e+02, 1.56859973e+03,
       6.36562378e+02, 1.61868835e+03, 6.30650696e+02, 1.66885803e+03,
       6.24682312e+02, 4.15278534e+02, 8.23377075e+02, 4.66026154e+02,
       8.17377563e+02, 5.16645447e+02, 8.11424194e+02, 5.67377747e+02,
       8.05440063e+02, 6.18020020e+02, 7.99655762e+02, 6.68404724e+02,
       7.93637512e+02, 7.19133850e+02, 7.87654236e+02, 7.69795227e+02,
       7.81581787e+02, 8.20192322e+02, 7.75652832e+02, 8.70773621e+02,
       7.69730042e+02, 9.21133240e+02, 7.63864563e+02, 9.71514709e+02,
       7.57722473e+02, 1.02200354e+03, 7.51753357e+02, 1.07242200e+03,
       7.45793823e+02, 1.12256384e+03, 7.39803345e+02, 1.17297498e+03,
       7.33905823e+02, 1.22326697e+03, 7.27954346e+02, 1.27354919e+03,
       7.22046692e+02, 1.32388721e+03, 7.16134460e+02, 1.37418872e+03,
       7.10211243e+02, 1.42446265e+03, 7.04167236e+02, 1.47458069e+03,
       6.98242981e+02, 1.52487939e+03, 6.92399963e+02, 1.57519348e+03,
       6.86380127e+02, 1.62533862e+03, 6.80553101e+02, 1.67542407e+03,
       6.74493896e+02, 4.21546448e+02, 8.73664978e+02, 4.72162781e+02,
       8.67713745e+02, 5.23030273e+02, 8.61638855e+02, 5.73585083e+02,
       8.55637329e+02, 6.24273499e+02, 8.49676025e+02, 6.74743286e+02,
       8.43696960e+02, 7.25345947e+02, 8.37792725e+02, 7.76110596e+02,
       8.31736572e+02, 8.26604736e+02, 8.25677856e+02, 8.76945068e+02,
       8.19621643e+02, 9.27382812e+02, 8.13712402e+02, 9.77927490e+02,
       8.07797363e+02, 1.02833679e+03, 8.01787415e+02, 1.07867712e+03,
       7.95805542e+02, 1.12907373e+03, 7.89804626e+02, 1.17942981e+03,
       7.83867554e+02, 1.22980151e+03, 7.77856445e+02, 1.28012646e+03,
       7.71850952e+02, 1.33032251e+03, 7.65998901e+02, 1.38059399e+03,
       7.60113647e+02, 1.43100928e+03, 7.54196350e+02, 1.48108936e+03,
       7.48201843e+02, 1.53140271e+03, 7.42401794e+02, 1.58168066e+03,
       7.36308228e+02, 1.63183447e+03, 7.30313416e+02, 1.68199524e+03,
       7.24441284e+02, 4.27536469e+02, 9.23936462e+02, 4.78537872e+02,
       9.17906677e+02, 5.29071594e+02, 9.11854065e+02, 5.79855286e+02,
       9.05816345e+02, 6.30399048e+02, 8.99734497e+02, 6.80969971e+02,
       8.93695435e+02, 7.31666687e+02, 8.87708496e+02, 7.82178589e+02,
       8.81701233e+02, 8.32807922e+02, 8.75627380e+02, 8.83355225e+02,
       8.69820679e+02, 9.33814636e+02, 8.63699585e+02, 9.84304382e+02,
       8.57869263e+02, 1.03472107e+03, 8.51785767e+02, 1.08527075e+03,
       8.45832092e+02, 1.13553296e+03, 8.39875977e+02, 1.18586853e+03,
       8.33896851e+02, 1.23620325e+03, 8.27955261e+02, 1.28654150e+03,
       8.21955139e+02, 1.33684094e+03, 8.16079163e+02, 1.38711292e+03,
       8.10056519e+02, 1.43741296e+03, 8.04105347e+02, 1.48764417e+03,
       7.98213745e+02, 1.53784497e+03, 7.92268738e+02, 1.58821497e+03,
       7.86237793e+02, 1.63843311e+03, 7.80161011e+02, 1.68863391e+03,
       7.74199890e+02, 4.33972229e+02, 9.74081970e+02, 4.84609467e+02,
       9.68019104e+02, 5.35387024e+02, 9.62059326e+02, 5.86125305e+02,
       9.55951965e+02, 6.36766907e+02, 9.49963989e+02, 6.87262390e+02,
       9.43888489e+02, 7.38031067e+02, 9.38029236e+02, 7.88588562e+02,
       9.31902710e+02, 8.39168945e+02, 9.25825378e+02, 8.89668945e+02,
       9.19870544e+02, 9.40203857e+02, 9.13889160e+02, 9.90708679e+02,
       9.07866943e+02, 1.04104272e+03, 9.01968994e+02, 1.09151440e+03,
