%YAML:1.0
---
cam_2_6: !!opencv-matrix
   rows: 676
   cols: 1
   dt: "2f"
   data: [ 1.02028381e+03, 4.63075623e+02, 1.06817456e+03,
       4.62052765e+02, 1.11614526e+03, 4.61054749e+02, 1.16413562e+03,
       4.59938538e+02, 1.21224170e+03, 4.58905151e+02, 1.26041602e+03,
       4.57651978e+02, 1.30847009e+03, 4.56572327e+02, 1.35669141e+03,
       4.55574799e+02, 1.40491492e+03, 4.54456848e+02, 1.45327490e+03,
       4.53386932e+02, 1.50160083e+03, 4.52333801e+02, 1.55007886e+03,
       4.51280884e+02, 1.59853992e+03, 4.50138519e+02, 1.64699048e+03,
       4.49083893e+02, 1.69556763e+03, 4.47974243e+02, 1.74419482e+03,
       4.46858002e+02, 1.79295911e+03, 4.45740814e+02, 1.84171899e+03,
       4.44537872e+02, 1.89055359e+03, 4.43502655e+02, 1.93951172e+03,
       4.42330322e+02, 1.98835449e+03, 4.41174103e+02, 2.03734473e+03,
       4.40079590e+02, 2.08639722e+03, 4.38952850e+02, 2.13539893e+03,
       4.37837128e+02, 2.18468286e+03, 4.36654358e+02, 2.23386548e+03,
       4.35547028e+02, 1.02229144e+03, 5.11566162e+02, 1.07006604e+03,
       5.10469482e+02, 1.11800098e+03, 5.09490509e+02, 1.16598267e+03,
       5.08471130e+02, 1.21408740e+03, 5.07280273e+02, 1.26225024e+03,
       5.06160217e+02, 1.31037390e+03, 5.05149841e+02, 1.35851489e+03,
       5.04102631e+02, 1.40672021e+03, 5.03120270e+02, 1.45495447e+03,
       5.02020721e+02, 1.50333777e+03, 5.01064789e+02, 1.55175378e+03,
       4.99954651e+02, 1.60019507e+03, 4.98875458e+02, 1.64865173e+03,
       4.97809906e+02, 1.69727246e+03, 4.96724365e+02, 1.74583923e+03,
       4.95595795e+02, 1.79456323e+03, 4.94532684e+02, 1.84332678e+03,
       4.93449158e+02, 1.89218726e+03, 4.92343262e+02, 1.94105127e+03,
       4.91210907e+02, 1.98988696e+03, 4.90138580e+02, 2.03885193e+03,
       4.89056091e+02, 2.08783325e+03, 4.87961273e+02, 2.13693799e+03,
       4.86917603e+02, 2.18607812e+03, 4.85789062e+02, 2.23530322e+03,
       4.84607574e+02, 1.02424072e+03, 5.59816772e+02, 1.07208459e+03,
       5.58878967e+02, 1.11996277e+03, 5.57826599e+02, 1.16787085e+03,
       5.56781067e+02, 1.21587976e+03, 5.55751282e+02, 1.26402722e+03,
       5.54694946e+02, 1.31220654e+03, 5.53649902e+02, 1.36034143e+03,
       5.52656921e+02, 1.40846973e+03, 5.51667603e+02, 1.45670581e+03,
       5.50628296e+02, 1.50508167e+03, 5.49660156e+02, 1.55351990e+03,
       5.48496277e+02, 1.60190869e+03, 5.47537659e+02, 1.65034473e+03,
       5.46455261e+02, 1.69892554e+03, 5.45438904e+02, 1.74739880e+03,
       5.44428528e+02, 1.79614478e+03, 5.43352905e+02, 1.84491431e+03,
       5.42242188e+02, 1.89372034e+03, 5.41187195e+02, 1.94255139e+03,
       5.40156189e+02, 1.99135876e+03, 5.38978821e+02, 2.04033936e+03,
       5.37838440e+02, 2.08941357e+03, 5.36816711e+02, 2.13837695e+03,
       5.35832825e+02, 2.18744678e+03, 5.34759827e+02, 2.23671118e+03,
       5.33679504e+02, 1.02612427e+03, 6.08165649e+02, 1.07394373e+03,
       6.07205261e+02, 1.12186548e+03, 6.06158142e+02, 1.16979456e+03,
       6.05239380e+02, 1.21765479e+03, 6.04195618e+02, 1.26582446e+03,
       6.03103577e+02, 1.31395642e+03, 6.02136230e+02, 1.36215723e+03,
       6.01085449e+02, 1.41029993e+03, 6.00149902e+02, 1.45846729e+03,
       5.99120972e+02, 1.50678101e+03, 5.98059143e+02, 1.55520593e+03,
       5.97081970e+02, 1.60360754e+03, 5.96143250e+02, 1.65205530e+03,
       5.95087158e+02, 1.70052649e+03, 5.94057007e+02, 1.74908704e+03,
       5.92988281e+02, 1.79772302e+03, 5.91973633e+02, 1.84652881e+03,
       5.91048706e+02, 1.89527527e+03, 5.89946106e+02, 1.94402051e+03,
       5.89049438e+02, 1.99282153e+03, 5.87946960e+02, 2.04178857e+03,
       5.86735657e+02, 2.09092163e+03, 5.85624634e+02, 2.13989307e+03,
       5.84608276e+02, 2.18900610e+03, 5.83661316e+02, 2.23802539e+03,
       5.82606812e+02, 1.02801306e+03, 6.56403687e+02, 1.07586633e+03,
       6.55490234e+02, 1.12374268e+03, 6.54543518e+02, 1.17159534e+03,
       6.53428894e+02, 1.21956140e+03, 6.52515076e+02, 1.26764685e+03,
       6.51549866e+02, 1.31576672e+03, 6.50534485e+02, 1.36392493e+03,
       6.49586548e+02, 1.41206677e+03, 6.48511658e+02, 1.46028491e+03,
       6.47594482e+02, 1.50855737e+03, 6.46640564e+02, 1.55690442e+03,
       6.45615051e+02, 1.60526782e+03, 6.44628418e+02, 1.65362622e+03,
       6.43743652e+02, 1.70213953e+03, 6.42698669e+02, 1.75066040e+03,
       6.41618164e+02, 1.79938940e+03, 6.40588196e+02, 1.84814111e+03,
       6.39620789e+02, 1.89685547e+03, 6.38748352e+02, 1.94546497e+03,
       6.37698120e+02, 1.99429614e+03, 6.36591064e+02, 2.04328772e+03,
       6.35612427e+02, 2.09240308e+03, 6.34541199e+02, 2.14133521e+03,
       6.33495483e+02, 2.19028540e+03, 6.32436768e+02, 2.23957568e+03,
       6.31478943e+02, 1.02995898e+03, 7.04586975e+02, 1.07786279e+03,
       7.03654663e+02, 1.12567468e+03, 7.02698059e+02, 1.17351050e+03,
       7.01767151e+02, 1.22143176e+03, 7.00909973e+02, 1.26943958e+03,
       6.99984680e+02, 1.31754248e+03, 6.98989868e+02, 1.36570947e+03,
       6.97934021e+02, 1.41382239e+03, 6.96941833e+02, 1.46204333e+03,
       6.95977234e+02, 1.51032922e+03, 6.95019714e+02, 1.55863196e+03,
       6.94147705e+02, 1.60696106e+03, 6.93142883e+02, 1.65539441e+03,
       6.92183655e+02, 1.70383496e+03, 6.91133789e+02, 1.75226807e+03,
       6.90160400e+02, 1.80095728e+03, 6.89188538e+02, 1.84973926e+03,
       6.88200012e+02, 1.89845715e+03, 6.87266113e+02, 1.94710291e+03,
       6.86348694e+02, 1.99576855e+03, 6.85258728e+02, 2.04475500e+03,
       6.84327759e+02, 2.09377905e+03, 6.83275452e+02, 2.14276855e+03,
       6.82281006e+02, 2.19194458e+03, 6.81276428e+02, 2.24099561e+03,
       6.80245117e+02, 1.03187646e+03, 7.52611877e+02, 1.07973694e+03,
       7.51745605e+02, 1.12760327e+03, 7.50908264e+02, 1.17549231e+03,
       7.50037964e+02, 1.22330530e+03, 7.49134644e+02, 1.27121777e+03,
       7.48251221e+02, 1.31931311e+03, 7.47239563e+02, 1.36744373e+03,
       7.46295105e+02, 1.41559998e+03, 7.45338989e+02, 1.46377222e+03,
       7.44389221e+02, 1.51206042e+03, 7.43477661e+02, 1.56038171e+03,
       7.42582947e+02, 1.60865710e+03, 7.41663147e+02, 1.65696265e+03,
       7.40697327e+02, 1.70542029e+03, 7.39661926e+02, 1.75390051e+03,
       7.38593994e+02, 1.80263196e+03, 7.37671936e+02, 1.85138928e+03,
       7.36783813e+02, 1.90000586e+03, 7.35897888e+02, 1.94860486e+03,
       7.34986023e+02, 1.99733948e+03, 7.33992188e+02, 2.04628772e+03,
       7.33021973e+02, 2.09524170e+03, 7.32021912e+02, 2.14420093e+03,
       7.31087097e+02, 2.19327979e+03, 7.30111206e+02, 2.24240576e+03,
       7.29074219e+02, 1.03381763e+03, 8.00716309e+02, 1.08157996e+03,
       7.99915283e+02, 1.12950513e+03, 7.99039856e+02, 1.17743677e+03,
       7.98217102e+02, 1.22519812e+03, 7.97281799e+02, 1.27305029e+03,
       7.96457581e+02, 1.32106201e+03, 7.95500488e+02, 1.36918811e+03,
       7.94633240e+02, 1.41733667e+03, 7.93649414e+02, 1.46555737e+03,
       7.92779419e+02, 1.51381677e+03, 7.91848328e+02, 1.56210864e+03,
       7.90946899e+02, 1.61038293e+03, 7.90103943e+02, 1.65860938e+03,
       7.89160217e+02, 1.70694482e+03, 7.88209595e+02, 1.75555493e+03,
       7.87185303e+02, 1.80429846e+03, 7.86224976e+02, 1.85298096e+03,
       7.85346741e+02, 1.90165967e+03, 7.84439514e+02, 1.95020972e+03,
       7.83517090e+02, 1.99896814e+03, 7.82557739e+02, 2.04771204e+03,
       7.81689941e+02, 2.09668066e+03, 7.80769104e+02, 2.14561816e+03,
       7.79811462e+02, 2.19461890e+03, 7.78905701e+02, 2.24372876e+03,
       7.77961609e+02, 1.03576050e+03, 8.48887146e+02, 1.08350854e+03,
       8.48044067e+02, 1.13147986e+03, 8.47202637e+02, 1.17923401e+03,
       8.46308655e+02, 1.22710938e+03, 8.45402405e+02, 1.27494043e+03,
       8.44596802e+02, 1.32289758e+03, 8.43737671e+02, 1.37095581e+03,
       8.42783569e+02, 1.41917444e+03, 8.41987488e+02, 1.46731128e+03,
       8.41065735e+02, 1.51557690e+03, 8.40192566e+02, 1.56385083e+03,
       8.39255249e+02, 1.61208862e+03, 8.38360779e+02, 1.66027209e+03,
