%YAML:1.0
---
cam_1_8: !!opencv-matrix
   rows: 676
   cols: 1
   dt: "2f"
   data: [ 8.86837280e+02, 2.37341080e+02, 9.32297729e+02,
       2.32259949e+02, 9.77648254e+02, 2.27417679e+02, 1.02288300e+03,
       2.22357056e+02, 1.06794568e+03, 2.17409866e+02, 1.11297607e+03,
       2.12423645e+02, 1.15776160e+03, 2.07570953e+02, 1.20235327e+03,
       2.02600632e+02, 1.24689099e+03, 1.97793152e+02, 1.29138354e+03,
       1.92743607e+02, 1.33563501e+03, 1.87880951e+02, 1.37981079e+03,
       1.83040558e+02, 1.42382153e+03, 1.78184296e+02, 1.46764551e+03,
       1.73317062e+02, 1.51138318e+03, 1.68473541e+02, 1.55499377e+03,
       1.63680588e+02, 1.59849341e+03, 1.58797318e+02, 1.64189502e+03,
       1.53992462e+02, 1.68509351e+03, 1.49168015e+02, 1.72823267e+03,
       1.44325836e+02, 1.77116626e+03, 1.39627380e+02, 1.81405615e+03,
       1.34769257e+02, 1.85683215e+03, 1.30026505e+02, 1.89945837e+03,
       1.25313408e+02, 1.94194751e+03, 1.20546043e+02, 1.98433789e+03,
       1.15718063e+02, 8.94758972e+02, 2.88532959e+02, 9.40225342e+02,
       2.83518036e+02, 9.85574219e+02, 2.78411438e+02, 1.03083997e+03,
       2.73393188e+02, 1.07593311e+03, 2.68362305e+02, 1.12093921e+03,
       2.63341797e+02, 1.16564868e+03, 2.58337555e+02, 1.21023743e+03,
       2.53368927e+02, 1.25486816e+03, 2.48369522e+02, 1.29928076e+03,
       2.43420654e+02, 1.34350122e+03, 2.38303024e+02, 1.38764954e+03,
       2.33404861e+02, 1.43171899e+03, 2.28433472e+02, 1.47551660e+03,
       2.23514694e+02, 1.51923560e+03, 2.18598785e+02, 1.56289453e+03,
       2.13632263e+02, 1.60626843e+03, 2.08786087e+02, 1.64967285e+03,
       2.03916153e+02, 1.69293066e+03, 1.99006943e+02, 1.73603259e+03,
       1.94109619e+02, 1.77899878e+03, 1.89301331e+02, 1.82188904e+03,
       1.84449539e+02, 1.86460315e+03, 1.79635239e+02, 1.90723889e+03,
       1.74780106e+02, 1.94972498e+03, 1.69998688e+02, 1.99213550e+03,
       1.65141968e+02, 9.02851624e+02, 3.39854126e+02, 9.48295959e+02,
       3.34684418e+02, 9.93639893e+02, 3.29521576e+02, 1.03877820e+03,
       3.24358978e+02, 1.08391028e+03, 3.19231018e+02, 1.12884814e+03,
       3.14145660e+02, 1.17367786e+03, 3.08988464e+02, 1.21823914e+03,
       3.04074707e+02, 1.26271008e+03, 2.99034698e+02, 1.30708655e+03,
       2.93937347e+02, 1.35139246e+03, 2.88862701e+02, 1.39552673e+03,
       2.83787811e+02, 1.43954480e+03, 2.78784912e+02, 1.48342859e+03,
       2.73741364e+02, 1.52713135e+03, 2.68797089e+02, 1.57067505e+03,
       2.63743317e+02, 1.61415405e+03, 2.58784271e+02, 1.65752588e+03,
       2.53847610e+02, 1.70070996e+03, 2.48915604e+02, 1.74384558e+03,
       2.43954041e+02, 1.78681714e+03, 2.39041946e+02, 1.82967773e+03,
       2.34140884e+02, 1.87239270e+03, 2.29177246e+02, 1.91497827e+03,
       2.24275085e+02, 1.95749915e+03, 2.19380051e+02, 1.99982642e+03,
       2.14562210e+02, 9.10731628e+02, 3.90957397e+02, 9.56241272e+02,
       3.85801697e+02, 1.00153168e+03, 3.80591492e+02, 1.04676636e+03,
       3.75357300e+02, 1.09188721e+03, 3.70077637e+02, 1.13676770e+03,
       3.64995331e+02, 1.18167212e+03, 3.59794983e+02, 1.22633850e+03,
       3.54717743e+02, 1.27066235e+03, 3.49607239e+02, 1.31494873e+03,
       3.44506134e+02, 1.35926001e+03, 3.39291779e+02, 1.40340784e+03,
       3.34131042e+02, 1.44736523e+03, 3.29064819e+02, 1.49121509e+03,
       3.23976044e+02, 1.53500818e+03, 3.18923859e+02, 1.57851099e+03,
       3.13887360e+02, 1.62201587e+03, 3.08772186e+02, 1.66529065e+03,
       3.03808167e+02, 1.70855908e+03, 2.98703888e+02, 1.75160657e+03,
       2.93753357e+02, 1.79460059e+03, 2.88734467e+02, 1.83746558e+03,
       2.83744568e+02, 1.88015161e+03, 2.78743011e+02, 1.92274512e+03,
       2.73793365e+02, 1.96512048e+03, 2.68845184e+02, 2.00759167e+03,
       2.63867401e+02, 9.18810242e+02, 4.42255188e+02, 9.64141602e+02,
       4.36876892e+02, 1.00951740e+03, 4.31625946e+02, 1.05475403e+03,
       4.26327667e+02, 1.09977222e+03, 4.21056976e+02, 1.14476331e+03,
       4.15791321e+02, 1.18969067e+03, 4.10523590e+02, 1.23426526e+03,
       4.05336823e+02, 1.27860217e+03, 4.00229126e+02, 1.32283252e+03,
       3.94947174e+02, 1.36701868e+03, 3.89642883e+02, 1.41130750e+03,
       3.84547211e+02, 1.45530005e+03, 3.79445312e+02, 1.49906812e+03,
       3.74252136e+02, 1.54281689e+03, 3.69047241e+02, 1.58639368e+03,
       3.63940521e+02, 1.62987170e+03, 3.58819275e+02, 1.67319189e+03,
       3.53795105e+02, 1.71631104e+03, 3.48668365e+02, 1.75941724e+03,
       3.43508087e+02, 1.80236279e+03, 3.38458649e+02, 1.84518787e+03,
       3.33385956e+02, 1.88798804e+03, 3.28355988e+02, 1.93051709e+03,
       3.23243195e+02, 1.97298621e+03, 3.18252838e+02, 2.01537695e+03,
       3.13212555e+02, 9.26760132e+02, 4.93524261e+02, 9.72055054e+02,
       4.88125549e+02, 1.01754266e+03, 4.82770844e+02, 1.06262207e+03,
       4.77301422e+02, 1.10779639e+03, 4.72016571e+02, 1.15274561e+03,
       4.66602570e+02, 1.19761792e+03, 4.61215210e+02, 1.24214514e+03,
       4.55901550e+02, 1.28645105e+03, 4.50645050e+02, 1.33079187e+03,
       4.45339081e+02, 1.37508606e+03, 4.40179291e+02, 1.41916968e+03,
       4.34930420e+02, 1.46316431e+03, 4.29692200e+02, 1.50695654e+03,
       4.24464935e+02, 1.55070435e+03, 4.19211823e+02, 1.59422791e+03,
       4.14001770e+02, 1.63766589e+03, 4.08824677e+02, 1.68095996e+03,
       4.03615326e+02, 1.72416504e+03, 3.98425262e+02, 1.76719995e+03,
       3.93299866e+02, 1.81015332e+03, 3.88134460e+02, 1.85299524e+03,
       3.82931946e+02, 1.89570996e+03, 3.77911163e+02, 1.93831116e+03,
       3.72726166e+02, 1.98080029e+03, 3.67637817e+02, 2.02316187e+03,
       3.62618561e+02, 9.34694275e+02, 5.44705627e+02, 9.80163208e+02,
       5.39300720e+02, 1.02552368e+03, 5.33838501e+02, 1.07062695e+03,
       5.28395874e+02, 1.11572742e+03, 5.22958679e+02, 1.16054163e+03,
       5.17519043e+02, 1.20540466e+03, 5.12035950e+02, 1.25001965e+03,
       5.06545624e+02, 1.29446179e+03, 5.01153503e+02, 1.33883752e+03,
       4.95904083e+02, 1.38306274e+03, 4.90634308e+02, 1.42710413e+03,
       4.85276306e+02, 1.47110120e+03, 4.79983307e+02, 1.51486145e+03,
       4.74574341e+02, 1.55851355e+03, 4.69381042e+02, 1.60203210e+03,
       4.64121582e+02, 1.64555847e+03, 4.58804901e+02, 1.68875977e+03,
       4.53539154e+02, 1.73203516e+03, 4.48335663e+02, 1.77505762e+03,
       4.43063385e+02, 1.81794238e+03, 4.37868439e+02, 1.86081531e+03,
       4.32615631e+02, 1.90347827e+03, 4.27425049e+02, 1.94609924e+03,
       4.22211121e+02, 1.98853479e+03, 4.16989685e+02, 2.03086279e+03,
       4.11891479e+02, 9.42715759e+02, 5.96061646e+02, 9.88166077e+02,
       5.90463562e+02, 1.03350281e+03, 5.84922485e+02, 1.07855908e+03,
       5.79385132e+02, 1.12361511e+03, 5.73842163e+02, 1.16849048e+03,
       5.68419800e+02, 1.21327600e+03, 5.62877563e+02, 1.25787708e+03,
       5.57461365e+02, 1.30237817e+03, 5.51893738e+02, 1.34672266e+03,
       5.46385803e+02, 1.39092651e+03, 5.41034729e+02, 1.43501624e+03,
       5.35626038e+02, 1.47892200e+03, 5.30247192e+02, 1.52279675e+03,
       5.24808105e+02, 1.56642505e+03, 5.19465271e+02, 1.60993018e+03,
       5.14116821e+02, 1.65338550e+03, 5.08797485e+02, 1.69662146e+03,
       5.03443695e+02, 1.73984399e+03, 4.98088776e+02, 1.78288245e+03,
       4.92887024e+02, 1.82578650e+03, 4.87512848e+02, 1.86861194e+03,
       4.82275726e+02, 1.91126355e+03, 4.76983978e+02, 1.95385071e+03,
       4.71716553e+02, 1.99634802e+03, 4.66475616e+02, 2.03863123e+03,
       4.61277374e+02, 9.50726196e+02, 6.47302612e+02, 9.96257141e+02,
       6.41741028e+02, 1.04143042e+03, 6.36119446e+02, 1.08675000e+03,
       6.30439575e+02, 1.13157581e+03, 6.24914429e+02, 1.17641162e+03,
       6.19190979e+02, 1.22119507e+03, 6.13701843e+02, 1.26582495e+03,
       6.08106873e+02, 1.31032678e+03, 6.02581848e+02, 1.35467761e+03,
       5.97032166e+02, 1.39885791e+03, 5.91507080e+02, 1.44287280e+03,
       5.86013428e+02, 1.48682666e+03, 5.80530762e+02, 1.53055688e+03,
