%YAML:1.0
---
cam_1_4: !!opencv-matrix
   rows: 676
   cols: 1
   dt: "2f"
   data: [ 6.81190063e+02, 1.69136398e+02, 7.30284119e+02,
       1.69084091e+02, 7.79260559e+02, 1.69128174e+02, 8.28325500e+02,
       1.69061996e+02, 8.77219360e+02, 1.68985779e+02, 9.26115662e+02,
       1.68859619e+02, 9.75012024e+02, 1.68862198e+02, 1.02378644e+03,
       1.68793167e+02, 1.07253540e+03, 1.68718887e+02, 1.12119824e+03,
       1.68567078e+02, 1.16984424e+03, 1.68548416e+02, 1.21845081e+03,
       1.68486862e+02, 1.26704639e+03, 1.68397186e+02, 1.31553796e+03,
       1.68368332e+02, 1.36406213e+03, 1.68333984e+02, 1.41249622e+03,
       1.68107986e+02, 1.46094299e+03, 1.67916840e+02, 1.50928870e+03,
       1.67874741e+02, 1.55758533e+03, 1.67770264e+02, 1.60587183e+03,
       1.67584183e+02, 1.65412427e+03, 1.67485809e+02, 1.70237402e+03,
       1.67271027e+02, 1.75051416e+03, 1.67197327e+02, 1.79857129e+03,
       1.67149338e+02, 1.84672083e+03, 1.66977234e+02, 1.89477185e+03,
       1.66844864e+02, 6.80840759e+02, 2.18440155e+02, 7.29881287e+02,
       2.18417236e+02, 7.78966919e+02, 2.18309067e+02, 8.27862305e+02,
       2.18335999e+02, 8.76791931e+02, 2.18307571e+02, 9.25687500e+02,
       2.18128418e+02, 9.74490784e+02, 2.18110306e+02, 1.02332788e+03,
       2.18028229e+02, 1.07206274e+03, 2.17849548e+02, 1.12069482e+03,
       2.17737488e+02, 1.16935461e+03, 2.17591507e+02, 1.21792310e+03,
       2.17574997e+02, 1.26644141e+03, 2.17434402e+02, 1315.,
       2.17351868e+02, 1.36338367e+03, 2.17265701e+02, 1.41184937e+03,
       2.17013031e+02, 1.46027283e+03, 2.16889755e+02, 1.50857971e+03,
       2.16772934e+02, 1.55684143e+03, 2.16711960e+02, 1.60512158e+03,
       2.16542389e+02, 1.65332544e+03, 2.16364944e+02, 1.70149316e+03,
       2.16232117e+02, 1.74965369e+03, 2.16031876e+02, 1.79780078e+03,
       2.15886093e+02, 1.84586987e+03, 2.15687988e+02, 1.89381335e+03,
       2.15571945e+02, 6.80628662e+02, 2.67667999e+02, 7.29680603e+02,
       2.67659943e+02, 7.78547791e+02, 2.67523743e+02, 8.27539246e+02,
       2.67512115e+02, 8.76404480e+02, 2.67388458e+02, 9.25290710e+02,
       2.67309265e+02, 9.74043091e+02, 2.67181183e+02, 1.02283533e+03,
       2.67018372e+02, 1.07156372e+03, 2.66913055e+02, 1.12015759e+03,
       2.66773254e+02, 1.16876868e+03, 2.66640076e+02, 1.21738049e+03,
       2.66566437e+02, 1.26587476e+03, 2.66391602e+02, 1.31434668e+03,
       2.66327057e+02, 1.36279492e+03, 2.66145996e+02, 1.41114856e+03,
       2.65982452e+02, 1.45952795e+03, 2.65825409e+02, 1.50786877e+03,
       2.65609131e+02, 1.55617566e+03, 2.65505157e+02, 1.60441724e+03,
       2.65319885e+02, 1.65244629e+03, 2.65189911e+02, 1.70066992e+03,
       2.65053345e+02, 1.74884314e+03, 2.64831055e+02, 1.79700793e+03,
       2.64667389e+02, 1.84504346e+03, 2.64384338e+02, 1.89293945e+03,
       2.64123657e+02, 6.80309021e+02, 3.16908569e+02, 7.29323364e+02,
       3.16853149e+02, 7.78315063e+02, 3.16667358e+02, 8.27141602e+02,
       3.16586792e+02, 8.76008179e+02, 3.16499969e+02, 9.24874512e+02,
       3.16327759e+02, 9.73601562e+02, 3.16197021e+02, 1.02241925e+03,
       3.16058167e+02, 1.07107349e+03, 3.15928040e+02, 1.11963269e+03,
       3.15766907e+02, 1.16827197e+03, 3.15622864e+02, 1.21678711e+03,
       3.15486572e+02, 1.26527209e+03, 3.15271423e+02, 1.31375256e+03,
       3.15154633e+02, 1.36214233e+03, 3.15064575e+02, 1.41051611e+03,
       3.14817688e+02, 1.45888477e+03, 3.14659363e+02, 1.50712964e+03,
       3.14479828e+02, 1.55544763e+03, 3.14286957e+02, 1.60363037e+03,
       3.14108826e+02, 1.65176221e+03, 3.13975952e+02, 1.69986816e+03,
       3.13940155e+02, 1.74797241e+03, 3.13654999e+02, 1.79608081e+03,
       3.13358459e+02, 1.84413110e+03, 3.13110992e+02, 1.89210339e+03,
       3.12913605e+02, 6.79984314e+02, 3.66137268e+02, 7.29024658e+02,
       3.65995850e+02, 7.77852173e+02, 3.65818146e+02, 8.26719666e+02,
       3.65714478e+02, 8.75612244e+02, 3.65458527e+02, 9.24426758e+02,
       3.65400391e+02, 9.73174255e+02, 3.65248138e+02, 1.02188690e+03,
       3.65124115e+02, 1.07057007e+03, 3.64862244e+02, 1.11911572e+03,
       3.64781525e+02, 1.16763123e+03, 3.64581573e+02, 1.21621204e+03,
       3.64410950e+02, 1.26465308e+03, 3.64241821e+02, 1.31312952e+03,
       3.63993774e+02, 1.36152808e+03, 3.63894714e+02, 1.40988599e+03,
       3.63661835e+02, 1.45820544e+03, 3.63433136e+02, 1.50644128e+03,
       3.63280396e+02, 1.55472620e+03, 3.63043457e+02, 1.60287988e+03,
       3.62849243e+02, 1.65102405e+03, 3.62676849e+02, 1.69914453e+03,
       3.62549286e+02, 1.74722156e+03, 3.62281799e+02, 1.79522131e+03,
       3.62056366e+02, 1.84328064e+03, 3.61837189e+02, 1.89115125e+03,
       3.61540466e+02, 6.79611206e+02, 4.15249115e+02, 7.28534241e+02,
       4.15096771e+02, 7.77512878e+02, 4.14843475e+02, 8.26347656e+02,
       4.14730438e+02, 8.75182739e+02, 4.14558502e+02, 9.23942566e+02,
       4.14407166e+02, 9.72678894e+02, 4.14256195e+02, 1.02140350e+03,
       4.14086609e+02, 1.07005591e+03, 4.13842682e+02, 1.11861682e+03,
       4.13736267e+02, 1.16709436e+03, 4.13564484e+02, 1.21557178e+03,
       4.13291840e+02, 1.26409387e+03, 4.13165131e+02, 1.31249841e+03,
       4.12927734e+02, 1.36088135e+03, 4.12675354e+02, 1.40918933e+03,
       4.12410889e+02, 1.45756274e+03, 4.12146606e+02, 1.50580334e+03,
       4.12043976e+02, 1.55408813e+03, 4.11771606e+02, 1.60212378e+03,
       4.11535980e+02, 1.65026245e+03, 4.11346985e+02, 1.69839746e+03,
       4.11083252e+02, 1.74641931e+03, 4.10843323e+02, 1.79441455e+03,
       4.10672668e+02, 1.84238733e+03, 4.10415985e+02, 1.89035071e+03,
       4.10227356e+02, 6.79260803e+02, 4.64273560e+02, 7.28284973e+02,
       4.64155670e+02, 7.77077637e+02, 4.63971588e+02, 8.25948975e+02,
       4.63767487e+02, 8.74696960e+02, 4.63612183e+02, 9.23504944e+02,
       4.63418365e+02, 9.72270752e+02, 4.63181732e+02, 1.02092828e+03,
       4.62986755e+02, 1.06959607e+03, 4.62782898e+02, 1.11806763e+03,
       4.62603363e+02, 1.16658777e+03, 4.62337006e+02, 1.21505933e+03,
       4.62104370e+02, 1.26350098e+03, 4.61924042e+02, 1.31188501e+03,
       4.61590576e+02, 1.36027124e+03, 4.61392731e+02, 1.40856372e+03,
       4.61211426e+02, 1.45681348e+03, 4.60958435e+02, 1.50507642e+03,
       4.60665466e+02, 1.55326343e+03, 4.60479614e+02, 1.60146692e+03,
       4.60209625e+02, 1.64951587e+03, 4.59971649e+02, 1.69762073e+03,
       4.59727112e+02, 1.74561401e+03, 4.59436218e+02, 1.79358337e+03,
       4.59204376e+02, 1.84151965e+03, 4.58945587e+02, 1.88948547e+03,
       4.58700195e+02, 6.78923584e+02, 5.13396851e+02, 7.27878601e+02,
       5.13128601e+02, 7.76740784e+02, 5.12866272e+02, 8.25618469e+02,
       5.12734497e+02, 8.74370239e+02, 5.12475159e+02, 9.23107849e+02,
       5.12266907e+02, 9.71707214e+02, 5.12038696e+02, 1.02043134e+03,
       5.11897858e+02, 1.06899854e+03, 5.11578949e+02, 1.11752209e+03,
       5.11310760e+02, 1.16604138e+03, 5.11085114e+02, 1.21454102e+03,
       5.10841064e+02, 1.26295837e+03, 5.10631561e+02, 1.31129260e+03,
       5.10374176e+02, 1.35957849e+03, 5.10077606e+02, 1.40792297e+03,
       5.09803436e+02, 1.45621521e+03, 5.09581451e+02, 1.50437939e+03,
       5.09361572e+02, 1.55256604e+03, 5.09108612e+02, 1.60064185e+03,
       5.08779755e+02, 1.64878296e+03, 5.08507568e+02, 1.69677881e+03,
       5.08216461e+02, 1.74479163e+03, 5.07997711e+02, 1.79271423e+03,
       5.07709076e+02, 1.84074341e+03, 5.07432465e+02, 1.88864209e+03,
       5.07235596e+02, 6.78564880e+02, 5.62287354e+02, 7.27524841e+02,
       5.62108093e+02, 7.76390198e+02, 5.61879211e+02, 8.25223389e+02,
       5.61587952e+02, 8.73964355e+02, 5.61393616e+02, 9.22675232e+02,
       5.61142761e+02, 9.71340515e+02, 5.60909485e+02, 1.01993903e+03,
       5.60612244e+02, 1.06845398e+03, 5.60407898e+02, 1.11702014e+03,
       5.60110901e+02, 1.16547852e+03, 5.59962952e+02, 1.21400732e+03,
       5.59538513e+02, 1.26234033e+03, 5.59386536e+02, 1.31069897e+03,
