%YAML:1.0
---
cam_1_2: !!opencv-matrix
   rows: 676
   cols: 1
   dt: "2f"
   data: [ 8.86745483e+02, 2.37253357e+02, 9.32319336e+02,
       2.32307343e+02, 9.77625183e+02, 2.27312897e+02, 1.02286584e+03,
       2.22357346e+02, 1.06790857e+03, 2.17299271e+02, 1.11286206e+03,
       2.12403549e+02, 1.15764185e+03, 2.07419861e+02, 1.20231274e+03,
       2.02504944e+02, 1.24680688e+03, 1.97728729e+02, 1.29121826e+03,
       1.92603256e+02, 1.33559729e+03, 1.87788239e+02, 1.37953198e+03,
       1.83016647e+02, 1.42373352e+03, 1.78090073e+02, 1.46755493e+03,
       1.73188583e+02, 1.51131335e+03, 1.68375458e+02, 1.55498083e+03,
       1.63388489e+02, 1.59848157e+03, 1.58766098e+02, 1.64184949e+03,
       1.53879044e+02, 1.68502197e+03, 1.49083725e+02, 1.72824878e+03,
       1.44271973e+02, 1.77112915e+03, 1.39454575e+02, 1.81402271e+03,
       1.34816788e+02, 1.85678345e+03, 1.29951736e+02, 1.89949353e+03,
       1.25204094e+02, 1.94197363e+03, 1.20534676e+02, 1.98444434e+03,
       1.15680252e+02, 8.94715454e+02, 2.88484558e+02, 9.40201843e+02,
       2.83491608e+02, 9.85474792e+02, 2.78249146e+02, 1.03078809e+03,
       2.73333160e+02, 1.07587244e+03, 2.68346558e+02, 1.12086475e+03,
       2.63255646e+02, 1.16557556e+03, 2.58318787e+02, 1.21022107e+03,
       2.53348373e+02, 1.25471777e+03, 2.48355209e+02, 1.29912585e+03,
       2.43329803e+02, 1.34351917e+03, 2.38226746e+02, 1.38752112e+03,
       2.33322571e+02, 1.43165588e+03, 2.28356171e+02, 1.47550635e+03,
       2.23309235e+02, 1.51929822e+03, 2.18459335e+02, 1.56271875e+03,
       2.13352310e+02, 1.60620300e+03, 2.08803894e+02, 1.64971387e+03,
       2.03899017e+02, 1.69292236e+03, 1.98900757e+02, 1.73600537e+03,
       1.94048309e+02, 1.77902075e+03, 1.89210159e+02, 1.82185693e+03,
       1.84342606e+02, 1.86461597e+03, 1.79498520e+02, 1.90730371e+03,
       1.74787247e+02, 1.94976660e+03, 1.69899750e+02, 1.99215942e+03,
       1.64995483e+02, 9.02736694e+02, 3.39895142e+02, 9.48254578e+02,
       3.34619446e+02, 9.93495667e+02, 3.29570953e+02, 1.03871729e+03,
       3.24381805e+02, 1.08383716e+03, 3.19302887e+02, 1.12880566e+03,
       3.14160492e+02, 1.17357617e+03, 3.08994995e+02, 1.21824744e+03,
       3.04014954e+02, 1.26265991e+03, 2.98963318e+02, 1.30700085e+03,
       2.93975891e+02, 1.35139722e+03, 2.88815735e+02, 1.39556763e+03,
       2.83748169e+02, 1.43948071e+03, 2.78784027e+02, 1.48340747e+03,
       2.73657562e+02, 1.52698254e+03, 2.68751251e+02, 1.57064221e+03,
       2.63748199e+02, 1.61412207e+03, 2.58811859e+02, 1.65744971e+03,
       2.53879959e+02, 1.70077710e+03, 2.48895020e+02, 1.74393420e+03,
       2.43920975e+02, 1.78678040e+03, 2.39032745e+02, 1.82967224e+03,
       2.34150024e+02, 1.87240149e+03, 2.29141876e+02, 1.91501160e+03,
       2.24195694e+02, 1.95751904e+03, 2.19352982e+02, 1.99983179e+03,
       2.14576065e+02, 9.10659363e+02, 3.90827698e+02, 9.56280334e+02,
       3.85745911e+02, 1.00152826e+03, 3.80538666e+02, 1.04683191e+03,
       3.75315460e+02, 1.09185425e+03, 3.70108246e+02, 1.13676575e+03,
       3.64943420e+02, 1.18156152e+03, 3.59872223e+02, 1.22634021e+03,
       3.54687469e+02, 1.27069897e+03, 3.49614655e+02, 1.31494116e+03,
       3.44491364e+02, 1.35924158e+03, 3.39243378e+02, 1.40335522e+03,
       3.34262817e+02, 1.44733508e+03, 3.29030029e+02, 1.49099670e+03,
       3.23901184e+02, 1.53498474e+03, 3.18808380e+02, 1.57843347e+03,
       3.13712677e+02, 1.62197412e+03, 3.08731018e+02, 1.66533911e+03,
       3.03772522e+02, 1.70847693e+03, 2.98796417e+02, 1.75157227e+03,
       2.93734985e+02, 1.79456140e+03, 2.88789093e+02, 1.83741199e+03,
       2.83696777e+02, 1.88017969e+03, 2.78603394e+02, 1.92268201e+03,
       2.73745209e+02, 1.96483093e+03, 2.68808960e+02, 2.00761975e+03,
       2.63764221e+02, 9.18670349e+02, 4.42120148e+02, 9.64039795e+02,
       4.36966156e+02, 1.00944580e+03, 4.31621124e+02, 1.05463599e+03,
       4.26263855e+02, 1.09973816e+03, 4.21017548e+02, 1.14467993e+03,
       4.15829437e+02, 1.18960742e+03, 4.10567932e+02, 1.23425232e+03,
       4.05368988e+02, 1.27849670e+03, 4.00101257e+02, 1.32282959e+03,
       3.94907928e+02, 1.36701917e+03, 3.89643036e+02, 1.41118262e+03,
       3.84516083e+02, 1.45519849e+03, 3.79314880e+02, 1.49905786e+03,
       3.74152893e+02, 1.54279871e+03, 3.68965637e+02, 1.58627808e+03,
       3.63902863e+02, 1.62980615e+03, 3.58779755e+02, 1.67312122e+03,
       3.53778076e+02, 1.71631628e+03, 3.48587097e+02, 1.75941968e+03,
       3.43559906e+02, 1.80238123e+03, 3.38492645e+02, 1.84520654e+03,
       3.33361877e+02, 1.88797827e+03, 3.28287903e+02, 1.93054114e+03,
       3.23236450e+02, 1.97293225e+03, 3.18252258e+02, 2.01544751e+03,
       3.13147125e+02, 9.26631348e+02, 4.93490265e+02, 9.72029663e+02,
       4.88009979e+02, 1.01752991e+03, 4.82771851e+02, 1.06275330e+03,
       4.77212799e+02, 1.10765454e+03, 4.72014191e+02, 1.15260474e+03,
       4.66593628e+02, 1.19757886e+03, 4.61222961e+02, 1.24211243e+03,
       4.55827576e+02, 1.28638147e+03, 4.50658478e+02, 1.33071887e+03,
       4.45334595e+02, 1.37504541e+03, 4.40211670e+02, 1.41909192e+03,
       4.34944427e+02, 1.46313794e+03, 4.29678070e+02, 1.50688647e+03,
       4.24510101e+02, 1.55070874e+03, 4.19185791e+02, 1.59417017e+03,
       4.13957855e+02, 1.63763025e+03, 4.08811584e+02, 1.68082751e+03,
       4.03628204e+02, 1.72409558e+03, 3.98308594e+02, 1.76711987e+03,
       3.93256927e+02, 1.81013928e+03, 3.88167053e+02, 1.85295312e+03,
       3.82957977e+02, 1.89581372e+03, 3.77895111e+02, 1.93833569e+03,
       3.72731750e+02, 1.98077051e+03, 3.67602295e+02, 2.02311560e+03,
       3.62529358e+02, 9.34695679e+02, 5.44849304e+02, 9.80186157e+02,
       5.39313416e+02, 1.02550989e+03, 5.33885620e+02, 1.07064392e+03,
       5.28525452e+02, 1.11557764e+03, 5.22859192e+02, 1.16056165e+03,
       5.17503479e+02, 1.20541223e+03, 5.11976410e+02, 1.24990466e+03,
       5.06477448e+02, 1.29446948e+03, 5.01112457e+02, 1.33882397e+03,
       4.95924042e+02, 1.38303308e+03, 4.90781982e+02, 1.42699268e+03,
       4.85317871e+02, 1.47103870e+03, 4.80056885e+02, 1.51486902e+03,
       4.74630157e+02, 1.55858447e+03, 4.69330719e+02, 1.60197290e+03,
       4.64023956e+02, 1.64555713e+03, 4.58814911e+02, 1.68876758e+03,
       4.53576111e+02, 1.73194482e+03, 4.48252197e+02, 1.77502087e+03,
       4.43014832e+02, 1.81798132e+03, 4.37938080e+02, 1.86082263e+03,
       4.32607574e+02, 1.90351013e+03, 4.27502014e+02, 1.94610400e+03,
       4.22161591e+02, 1.98855994e+03, 4.16937988e+02, 2.03090002e+03,
       4.11942383e+02, 9.42608032e+02, 5.96029114e+02, 9.88039062e+02,
       5.90475647e+02, 1.03348047e+03, 5.84910706e+02, 1.07850293e+03,
       5.79433105e+02, 1.12353845e+03, 5.73994385e+02, 1.16846472e+03,
       5.68335876e+02, 1.21325928e+03, 5.62834290e+02, 1.25779041e+03,
       5.57535645e+02, 1.30236340e+03, 5.51994568e+02, 1.34671423e+03,
       5.46468201e+02, 1.39092944e+03, 5.41014771e+02, 1.43504382e+03,
       5.35597412e+02, 1.47899561e+03, 5.30384460e+02, 1.52278577e+03,
       5.24790833e+02, 1.56634375e+03, 5.19575256e+02, 1.60995593e+03,
       5.14144714e+02, 1.65335986e+03, 5.08857666e+02, 1.69663074e+03,
       5.03426514e+02, 1.73986401e+03, 4.98151093e+02, 1.78287561e+03,
       4.92921967e+02, 1.82572925e+03, 4.87612427e+02, 1.86848352e+03,
       4.82295288e+02, 1.91124109e+03, 4.76989716e+02, 1.95387866e+03,
       4.71684692e+02, 1.99636096e+03, 4.66448059e+02, 2.03856116e+03,
       4.61330383e+02, 9.50628357e+02, 6.47421448e+02, 9.96239136e+02,
       6.42088989e+02, 1.04148621e+03, 6.36119263e+02, 1.08671008e+03,
       6.30437012e+02, 1.13158972e+03, 6.24836426e+02, 1.17643896e+03,
       6.19274841e+02, 1.22116052e+03, 6.13677795e+02, 1.26578540e+03,
       6.08136169e+02, 1.31038928e+03, 6.02652222e+02, 1.35470264e+03,
       5.96951172e+02, 1.39880652e+03, 5.91476379e+02, 1.44289404e+03,
       5.86050049e+02, 1.48692517e+03, 5.80642456e+02, 1.53058643e+03,
