%YAML:1.0
---
cam_1_9: !!opencv-matrix
   rows: 676
   cols: 1
   dt: "2f"
   data: [ 7.09924255e+02, 2.19390289e+02, 7.61868225e+02,
       2.15185776e+02, 8.13794006e+02, 2.11083008e+02, 8.65832947e+02,
       2.06903748e+02, 9.17660583e+02, 2.02762024e+02, 9.69352356e+02,
       1.98601562e+02, 1.02107178e+03, 1.94396286e+02, 1.07290527e+03,
       1.90217560e+02, 1.12453015e+03, 1.85993744e+02, 1.17611621e+03,
       1.81861069e+02, 1.22771619e+03, 1.77723312e+02, 1.27927332e+03,
       1.73408279e+02, 1.33069788e+03, 1.69194077e+02, 1.38203674e+03,
       1.65006561e+02, 1.43352576e+03, 1.60883163e+02, 1.48494153e+03,
       1.56692108e+02, 1.53610095e+03, 1.52469925e+02, 1.58744885e+03,
       1.48218399e+02, 1.63868384e+03, 1.44031769e+02, 1.68976013e+03,
       1.39806870e+02, 1.74102515e+03, 1.35559662e+02, 1.79215576e+03,
       1.31460144e+02, 1.84322266e+03, 1.27141571e+02, 1.89411218e+03,
       1.22994537e+02, 1.94537268e+03, 1.18779739e+02, 1.99626843e+03,
       1.14592850e+02, 7.15267822e+02, 2.70814545e+02, 7.67270325e+02,
       2.66509796e+02, 8.19306274e+02, 2.62388031e+02, 8.71235413e+02,
       2.58201904e+02, 9.23021423e+02, 2.53873795e+02, 9.74806946e+02,
       2.49786621e+02, 1.02667065e+03, 2.45562714e+02, 1.07834912e+03,
       2.41393890e+02, 1.13009814e+03, 2.37139633e+02, 1.18164856e+03,
       2.32962570e+02, 1.23328821e+03, 2.28835098e+02, 1.28485889e+03,
       2.24498840e+02, 1.33632385e+03, 2.20297989e+02, 1.38771887e+03,
       2.16160110e+02, 1.43923071e+03, 2.11862976e+02, 1.49047852e+03,
       2.07712219e+02, 1.54189429e+03, 2.03477142e+02, 1.59322473e+03,
       1.99183075e+02, 1.64436365e+03, 1.95001144e+02, 1.69566309e+03,
       1.90813980e+02, 1.74679834e+03, 1.86532654e+02, 1.79797449e+03,
       1.82248123e+02, 1.84902246e+03, 1.78001755e+02, 1.90002246e+03,
       1.73769272e+02, 1.95108667e+03, 1.69579483e+02, 2.00222986e+03,
       1.65156891e+02, 7.20747986e+02, 3.22222137e+02, 7.72715027e+02,
       3.17901825e+02, 8.24744629e+02, 3.13691528e+02, 8.76650146e+02,
       3.09441742e+02, 9.28468567e+02, 3.05139679e+02, 9.80397156e+02,
       3.01049286e+02, 1.03203625e+03, 2.96636383e+02, 1.08391748e+03,
       2.92647583e+02, 1.13557812e+03, 2.88293976e+02, 1.18718652e+03,
       2.84186340e+02, 1.23896680e+03, 2.79875977e+02, 1.29047021e+03,
       2.75655090e+02, 1.34194678e+03, 2.71433380e+02, 1.39340076e+03,
       2.67220551e+02, 1.44485754e+03, 2.62974731e+02, 1.49616846e+03,
       2.58825562e+02, 1.54741724e+03, 2.54472763e+02, 1.59884253e+03,
       2.50286346e+02, 1.65020398e+03, 2.45843323e+02, 1.70135071e+03,
       2.41638153e+02, 1.75254077e+03, 2.37355774e+02, 1.80379297e+03,
       2.33211121e+02, 1.85476697e+03, 2.28944839e+02, 1.90585449e+03,
       2.24690979e+02, 1.95686462e+03, 2.20415863e+02, 2.00801843e+03,
       2.15985992e+02, 7.26233032e+02, 3.73582458e+02, 7.78189148e+02,
       3.69347107e+02, 8.30258057e+02, 3.65153992e+02, 8.82114929e+02,
       3.60898224e+02, 9.33999023e+02, 3.56646576e+02, 9.85896362e+02,
       3.52344360e+02, 1.03775012e+03, 3.48033051e+02, 1.08934119e+03,
       3.43815552e+02, 1.14105713e+03, 3.39528534e+02, 1.19282605e+03,
       3.35426605e+02, 1.24442993e+03, 3.31011963e+02, 1.29605249e+03,
       3.26901520e+02, 1.34741382e+03, 3.22425690e+02, 1.39883948e+03,
       3.18068542e+02, 1.45057654e+03, 3.13988159e+02, 1.50187903e+03,
       3.09795410e+02, 1.55331616e+03, 3.05489288e+02, 1.60466663e+03,
       3.01183990e+02, 1.65583313e+03, 2.96899933e+02, 1.70704883e+03,
       2.92640991e+02, 1.75830676e+03, 2.88443726e+02, 1.80939880e+03,
       2.84060516e+02, 1.86068640e+03, 2.79886902e+02, 1.91171143e+03,
       2.75494995e+02, 1.96170911e+03, 2.71119995e+02, 2.01387097e+03,
       2.66807190e+02, 7.31553955e+02, 4.25133698e+02, 7.83607666e+02,
       4.20785675e+02, 8.35701294e+02, 4.16499512e+02, 8.87558533e+02,
       4.12164337e+02, 9.39554688e+02, 4.08055756e+02, 9.91347473e+02,
       4.03721069e+02, 1.04328113e+03, 3.99323547e+02, 1.09506055e+03,
       3.95074341e+02, 1.14675403e+03, 3.90804291e+02, 1.19849512e+03,
       3.86638214e+02, 1.25012024e+03, 3.82256927e+02, 1.30165222e+03,
       3.77970825e+02, 1.35321167e+03, 3.73838531e+02, 1.40457605e+03,
       3.69595215e+02, 1.45622314e+03, 3.65118988e+02, 1.50770056e+03,
       3.60850861e+02, 1.55895557e+03, 3.56627777e+02, 1.61029834e+03,
       3.52166962e+02, 1.66143481e+03, 3.47923004e+02, 1.71275732e+03,
       3.43692352e+02, 1.76408093e+03, 3.39412476e+02, 1.81519824e+03,
       3.34967407e+02, 1.86646008e+03, 3.30674988e+02, 1.91753027e+03,
       3.26381653e+02, 1.96873364e+03, 3.22103394e+02, 2.01953577e+03,
       3.17775604e+02, 7.36888428e+02, 4.76668274e+02, 7.88914734e+02,
       4.72424042e+02, 8.41142151e+02, 4.68101440e+02, 8.93107727e+02,
       4.63659210e+02, 9.45077759e+02, 4.59399994e+02, 9.97078186e+02,
       4.55085876e+02, 1.04876208e+03, 4.50655914e+02, 1.10059753e+03,
       4.46312988e+02, 1.15237073e+03, 4.42354645e+02, 1.20414502e+03,
       4.37985352e+02, 1.25563452e+03, 4.33610626e+02, 1.30728247e+03,
       4.29202759e+02, 1.35881372e+03, 4.24768158e+02, 1.41029688e+03,
       4.20608948e+02, 1.46185229e+03, 4.16328766e+02, 1.51325488e+03,
       4.11959534e+02, 1.56470154e+03, 4.07783936e+02, 1.61607898e+03,
       4.03357269e+02, 1.66700793e+03, 3.98964386e+02, 1.71845654e+03,
       3.94680786e+02, 1.76980530e+03, 3.90547729e+02, 1.82100476e+03,
       3.85929749e+02, 1.87216003e+03, 3.81771912e+02, 1.92338782e+03,
       3.77362701e+02, 1.97446143e+03, 3.72909027e+02, 2.02555835e+03,
       3.68863007e+02, 7.42450623e+02, 5.28280029e+02, 7.94638550e+02,
       5.23883728e+02, 8.46626526e+02, 5.19654663e+02, 8.98626953e+02,
       5.15116516e+02, 9.50575867e+02, 5.10856903e+02, 1.00240955e+03,
       5.06465576e+02, 1.05439807e+03, 5.02108154e+02, 1.10606250e+03,
       4.97896088e+02, 1.15798645e+03, 4.93507355e+02, 1.20964404e+03,
       4.89031036e+02, 1.26126233e+03, 4.84703918e+02, 1.31308191e+03,
       4.80481384e+02, 1.36456287e+03, 4.76226898e+02, 1.41599597e+03,
       4.71778229e+02, 1.46759827e+03, 4.67462616e+02, 1.51899756e+03,
       4.63204742e+02, 1.57049304e+03, 4.59057861e+02, 1.62176123e+03,
       4.54558105e+02, 1.67306604e+03, 4.50105713e+02, 1.72427612e+03,
       4.45755219e+02, 1.77568030e+03, 4.41337402e+02, 1.82691943e+03,
       4.37127686e+02, 1.87811145e+03, 4.32727356e+02, 1.92913074e+03,
       4.28405334e+02, 1.98036316e+03, 4.24005707e+02, 2.03148645e+03,
       4.19509155e+02, 7.48003479e+02, 5.79782471e+02, 7.99939758e+02,
       5.75449463e+02, 8.52097412e+02, 5.71068848e+02, 9.04091919e+02,
       5.66749207e+02, 9.56182190e+02, 5.62352478e+02, 1.00801971e+03,
       5.58065979e+02, 1.05995837e+03, 5.53629883e+02, 1.11183484e+03,
       5.49322998e+02, 1.16358643e+03, 5.45040588e+02, 1.21529260e+03,
       5.40489563e+02, 1.26694446e+03, 5.36125183e+02, 1.31862158e+03,
       5.31835083e+02, 1.37026233e+03, 5.27420593e+02, 1.42180273e+03,
       5.23246948e+02, 1.47325842e+03, 5.18646606e+02, 1.52474036e+03,
       5.14367859e+02, 1.57601978e+03, 5.09860352e+02, 1.62746216e+03,
       5.05591644e+02, 1.67879443e+03, 5.01318512e+02, 1.73009705e+03,
       4.96868439e+02, 1.78141882e+03, 4.92593536e+02, 1.83265344e+03,
       4.88146393e+02, 1.88390784e+03, 4.83908936e+02, 1.93512256e+03,
       4.79424286e+02, 1.98620471e+03, 4.75073822e+02, 2.03731958e+03,
       4.70717346e+02, 7.53204468e+02, 6.31592590e+02, 8.05518372e+02,
       6.27100769e+02, 8.57530334e+02, 6.22688354e+02, 9.09593262e+02,
       6.18226135e+02, 9.61751282e+02, 6.13955933e+02, 1.01347412e+03,
       6.09425720e+02, 1.06537378e+03, 6.05151550e+02, 1.11729370e+03,
       6.00634338e+02, 1.16915527e+03, 5.96333862e+02, 1.22095203e+03,
       5.91902222e+02, 1.27278650e+03, 5.87520386e+02, 1.32437683e+03,
       5.83250610e+02, 1.37593396e+03, 5.78830261e+02, 1.42749548e+03,
