%YAML:1.0
---
cam_1_5: !!opencv-matrix
   rows: 676
   cols: 1
   dt: "2f"
   data: [ 7.29537842e+02, 1.54517303e+02, 7.77471497e+02,
       1.54845444e+02, 8.25222351e+02, 1.54991211e+02, 8.72962463e+02,
       1.55363953e+02, 9.20536377e+02, 1.55592178e+02, 9.68077698e+02,
       1.55735794e+02, 1.01540680e+03, 1.55986694e+02, 1.06267908e+03,
       1.56175232e+02, 1.10988916e+03, 1.56341125e+02, 1.15687988e+03,
       1.56665268e+02, 1.20378198e+03, 1.56893478e+02, 1.25061658e+03,
       1.57054214e+02, 1.29731494e+03, 1.57074417e+02, 1.34391797e+03,
       1.57314651e+02, 1.39042322e+03, 1.57511322e+02, 1.43686963e+03,
       1.57720901e+02, 1.48308069e+03, 1.57888916e+02, 1.52936414e+03,
       1.58021271e+02, 1.57543066e+03, 1.58198593e+02, 1.62135669e+03,
       1.58278702e+02, 1.66725671e+03, 1.58469650e+02, 1.71303064e+03,
       1.58725357e+02, 1.75866064e+03, 1.58752365e+02, 1.80427954e+03,
       1.58934189e+02, 1.84982458e+03, 1.59008392e+02, 1.89517346e+03,
       1.59121353e+02, 7.28252686e+02, 2.05491592e+02, 7.76086365e+02,
       2.05789154e+02, 8.23847839e+02, 2.05906448e+02, 8.71506775e+02,
       2.06097961e+02, 9.19261414e+02, 2.06215622e+02, 9.66602173e+02,
       2.06429337e+02, 1.01395911e+03, 2.06736435e+02, 1.06124353e+03,
       2.06799957e+02, 1.10834375e+03, 2.06938553e+02, 1.15530212e+03,
       2.07064987e+02, 1.20227026e+03, 2.07179703e+02, 1.24909729e+03,
       2.07355301e+02, 1.29573218e+03, 2.07406754e+02, 1.34232410e+03,
       2.07578674e+02, 1.38885388e+03, 2.07786972e+02, 1.43519897e+03,
       2.07885315e+02, 1.48141528e+03, 2.07933563e+02, 1.52765405e+03,
       2.08054489e+02, 1.57372998e+03, 2.08112030e+02, 1.61966443e+03,
       2.08240128e+02, 1.66552161e+03, 2.08222488e+02, 1.71130273e+03,
       2.08427185e+02, 1.75694080e+03, 2.08493713e+02, 1.80253088e+03,
       2.08611984e+02, 1.84792578e+03, 2.08593048e+02, 1.89337732e+03,
       2.08770142e+02, 7.26831787e+02, 2.56467163e+02, 7.74599976e+02,
       2.56593933e+02, 8.22519104e+02, 2.56763916e+02, 8.70203491e+02,
       2.56891479e+02, 9.17792419e+02, 2.57037231e+02, 9.65249390e+02,
       2.57092651e+02, 1.01249805e+03, 2.57145721e+02, 1.05972119e+03,
       2.57233521e+02, 1.10684070e+03, 2.57333801e+02, 1.15384680e+03,
       2.57422668e+02, 1.20066882e+03, 2.57639008e+02, 1.24743591e+03,
       2.57676208e+02, 1.29418628e+03, 2.57722931e+02, 1.34081384e+03,
       2.57846527e+02, 1.38711975e+03, 2.57886292e+02, 1.43356445e+03,
       2.57864227e+02, 1.47989075e+03, 2.57936676e+02, 1.52594446e+03,
       2.57977356e+02, 1.57199426e+03, 2.57990662e+02, 1.61798242e+03,
       2.58050873e+02, 1.66385681e+03, 2.58079956e+02, 1.70954089e+03,
       2.58163879e+02, 1.75521008e+03, 2.58231262e+02, 1.80074939e+03,
       2.58195465e+02, 1.84622083e+03, 2.58192383e+02, 1.89152600e+03,
       2.58304565e+02, 7.25413086e+02, 3.07403412e+02, 7.73372192e+02,
       3.07528015e+02, 8.21171570e+02, 3.07544678e+02, 8.68718750e+02,
       3.07552307e+02, 9.16408875e+02, 3.07660034e+02, 9.63738831e+02,
       3.07703308e+02, 1.01107281e+03, 3.07792053e+02, 1.05825146e+03,
       3.07718506e+02, 1.10534436e+03, 3.07813019e+02, 1.15234241e+03,
       3.07906128e+02, 1.19918091e+03, 3.07827087e+02, 1.24597290e+03,
       3.07864563e+02, 1.29259485e+03, 3.07909576e+02, 1.33913184e+03,
       3.07883331e+02, 1.38551697e+03, 3.07928680e+02, 1.43197583e+03,
       3.07930573e+02, 1.47813770e+03, 3.07925690e+02, 1.52430713e+03,
       3.07910309e+02, 1.57029224e+03, 3.07900330e+02, 1.61620984e+03,
       3.07898956e+02, 1.66202783e+03, 3.07903381e+02, 1.70783203e+03,
       3.07861450e+02, 1.75345276e+03, 3.07850311e+02, 1.79897693e+03,
       3.07812866e+02, 1.84444824e+03, 3.07805328e+02, 1.88973230e+03,
       3.07772064e+02, 7.24179932e+02, 3.58291199e+02, 7.72097107e+02,
       3.58243347e+02, 8.19780762e+02, 3.58201355e+02, 8.67376404e+02,
       3.58123840e+02, 9.14871765e+02, 3.58183899e+02, 9.62300964e+02,
       3.58167877e+02, 1.00960199e+03, 3.58146881e+02, 1.05680774e+03,
       3.58110687e+02, 1.10386328e+03, 3.58048492e+02, 1.15086829e+03,
       3.58022339e+02, 1.19763623e+03, 3.58031982e+02, 1.24438318e+03,
       3.58029236e+02, 1.29101697e+03, 3.57966278e+02, 1.33753052e+03,
       3.57949677e+02, 1.38400305e+03, 3.57970245e+02, 1.43028809e+03,
       3.57894287e+02, 1.47649390e+03, 3.57852631e+02, 1.52260535e+03,
       3.57736176e+02, 1.56864758e+03, 3.57759613e+02, 1.61455920e+03,
       3.57567261e+02, 1.66038306e+03, 3.57520477e+02, 1.70599976e+03,
       3.57462860e+02, 1.75165967e+03, 3.57389130e+02, 1.79720605e+03,
       3.57294434e+02, 1.84262817e+03, 3.57216431e+02, 1.88793091e+03,
       3.57150696e+02, 7.22818726e+02, 4.09051270e+02, 7.70589600e+02,
       4.08998871e+02, 8.18323853e+02, 4.08941315e+02, 8.65964233e+02,
       4.08885529e+02, 9.13499878e+02, 4.08737946e+02, 9.60869446e+02,
       4.08710175e+02, 1.00821643e+03, 4.08638062e+02, 1.05531860e+03,
       4.08524658e+02, 1.10244446e+03, 4.08468445e+02, 1.14929993e+03,
       4.08273712e+02, 1.19615637e+03, 4.08264282e+02, 1.24303479e+03,
       4.08161865e+02, 1.28943433e+03, 4.08113403e+02, 1.33593994e+03,
       4.07963654e+02, 1.38238855e+03, 4.07888062e+02, 1.42867773e+03,
       4.07802032e+02, 1.47484741e+03, 4.07767029e+02, 1.52089148e+03,
       4.07614136e+02, 1.56694189e+03, 4.07403839e+02, 1.61284778e+03,
       4.07283264e+02, 1.65866443e+03, 4.07205902e+02, 1.70433203e+03,
       4.07108307e+02, 1.74996045e+03, 4.06931824e+02, 1.79542786e+03,
       4.06866150e+02, 1.84084851e+03, 4.06728607e+02, 1.88616370e+03,
       4.06469543e+02, 7.21439758e+02, 4.59809418e+02, 7.69296265e+02,
       4.59717346e+02, 8.17009277e+02, 4.59553314e+02, 8.64555969e+02,
       4.59446075e+02, 9.12071594e+02, 4.59218811e+02, 9.59453735e+02,
       4.59174042e+02, 1.00664575e+03, 4.58969360e+02, 1.05390210e+03,
       4.58898926e+02, 1.10086438e+03, 4.58745850e+02, 1.14770215e+03,
       4.58560913e+02, 1.19459888e+03, 4.58383728e+02, 1.24134473e+03,
       4.58300537e+02, 1.28797876e+03, 4.58087524e+02, 1.33439563e+03,
       4.57939758e+02, 1.38075867e+03, 4.57854584e+02, 1.42705933e+03,
       4.57691559e+02, 1.47329272e+03, 4.57481689e+02, 1.51935242e+03,
       4.57340454e+02, 1.56527063e+03, 4.57137939e+02, 1.61108508e+03,
       4.57010406e+02, 1.65694336e+03, 4.56856781e+02, 1.70265222e+03,
       4.56578186e+02, 1.74817969e+03, 4.56425598e+02, 1.79366858e+03,
       4.56219360e+02, 1.83910901e+03, 4.56048126e+02, 1.88434595e+03,
       4.55848297e+02, 7.20101013e+02, 5.10550262e+02, 7.67893860e+02,
       5.10335693e+02, 8.15558350e+02, 5.10119995e+02, 8.63194946e+02,
       5.09981934e+02, 9.10707153e+02, 5.09807251e+02, 9.57964722e+02,
       5.09667297e+02, 1.00525555e+03, 5.09409637e+02, 1.05232202e+03,
       5.09191528e+02, 1.09940759e+03, 5.08935760e+02, 1.14627905e+03,
       5.08682495e+02, 1.19307581e+03, 5.08582977e+02, 1.23981055e+03,
       5.08249359e+02, 1.28627222e+03, 5.08188629e+02, 1.33286462e+03,
       5.07926270e+02, 1.37915088e+03, 5.07711182e+02, 1.42547803e+03,
       5.07476776e+02, 1.47164160e+03, 5.07243805e+02, 1.51767358e+03,
       5.07010193e+02, 1.56366101e+03, 5.06762939e+02, 1.60952979e+03,
       5.06603485e+02, 1.65526135e+03, 5.06370789e+02, 1.70089819e+03,
       5.06089966e+02, 1.74643860e+03, 5.05873383e+02, 1.79188452e+03,
       5.05663208e+02, 1.83729456e+03, 5.05357941e+02, 1.88260596e+03,
       5.05131531e+02, 7.18707764e+02, 5.61304138e+02, 7.66516052e+02,
       5.60926941e+02, 8.14213257e+02, 5.60727783e+02, 8.61707092e+02,
       5.60487732e+02, 9.09283386e+02, 5.60202759e+02, 9.56512329e+02,
       5.59921326e+02, 1.00372577e+03, 5.59671631e+02, 1.05087549e+03,
       5.59454956e+02, 1.09788818e+03, 5.59188293e+02, 1.14483911e+03,
       5.58910156e+02, 1.19153320e+03, 5.58592651e+02, 1.23825012e+03,
       5.58355774e+02, 1.28481433e+03, 5.58098755e+02, 1.33126331e+03,
