%YAML:1.0
---
cam_2_4: !!opencv-matrix
   rows: 676
   cols: 1
   dt: "2f"
   data: [ 5.43939453e+02, 5.02362488e+02, 5.89805725e+02,
       5.01188782e+02, 6.35687622e+02, 5.00125641e+02, 6.81846191e+02,
       4.99015656e+02, 7.27982849e+02, 4.97888519e+02, 7.74161133e+02,
       4.96762817e+02, 8.20432678e+02, 4.95604889e+02, 8.66796204e+02,
       4.94459534e+02, 9.13219299e+02, 4.93363647e+02, 9.59673218e+02,
       4.92238129e+02, 1.00619275e+03, 4.91043518e+02, 1.05287622e+03,
       4.89975616e+02, 1.09957043e+03, 4.88856171e+02, 1.14639258e+03,
       4.87677124e+02, 1.19325305e+03, 4.86540802e+02, 1.24030310e+03,
       4.85386414e+02, 1.28722668e+03, 4.84147797e+02, 1.33449353e+03,
       4.82983490e+02, 1.38172424e+03, 4.81886810e+02, 1.42901855e+03,
       4.80738251e+02, 1.47644080e+03, 4.79585907e+02, 1.52388464e+03,
       4.78323608e+02, 1.57147253e+03, 4.77183044e+02, 1.61909802e+03,
       4.75919495e+02, 1.66683496e+03, 4.74789551e+02, 1.71475269e+03,
       4.73511963e+02, 5.46333191e+02, 5.50476318e+02, 5.92251282e+02,
       5.49506287e+02, 6.38274231e+02, 5.48399536e+02, 6.84223511e+02,
       5.47200317e+02, 7.30392944e+02, 5.46308105e+02, 7.76546204e+02,
       5.45162781e+02, 8.22744324e+02, 5.44061218e+02, 8.69125000e+02,
       5.42948608e+02, 9.15565735e+02, 5.41816711e+02, 962.,
       5.40866638e+02, 1.00852399e+03, 5.39699036e+02, 1.05512000e+03,
       5.38651428e+02, 1.10186938e+03, 5.37532288e+02, 1.14869128e+03,
       5.36387939e+02, 1.19559766e+03, 5.35304749e+02, 1.24250110e+03,
       5.34144043e+02, 1.28953455e+03, 5.33104614e+02, 1.33659668e+03,
       5.31900024e+02, 1.38389490e+03, 5.30856750e+02, 1.43114929e+03,
       5.29681213e+02, 1.47851672e+03, 5.28556885e+02, 1.52605432e+03,
       5.27469360e+02, 1.57357617e+03, 5.26303101e+02, 1.62117920e+03,
       5.25201782e+02, 1.66889954e+03, 5.23999207e+02, 1.71681079e+03,
       5.22845032e+02, 5.48802246e+02, 5.98712097e+02, 5.94701233e+02,
       5.97598511e+02, 6.40623779e+02, 5.96616516e+02, 6.86643799e+02,
       5.95583435e+02, 7.32784973e+02, 5.94524475e+02, 7.78972046e+02,
       5.93523499e+02, 8.25191650e+02, 5.92476807e+02, 8.71516479e+02,
       5.91441956e+02, 9.17847229e+02, 5.90367004e+02, 9.64332886e+02,
       5.89260742e+02, 1.01086499e+03, 5.88294739e+02, 1.05743970e+03,
       5.87149841e+02, 1.10415344e+03, 5.86143677e+02, 1.15090076e+03,
       5.85102722e+02, 1.19782275e+03, 5.83995239e+02, 1.24475549e+03,
       5.82953613e+02, 1.29177747e+03, 5.81880005e+02, 1.33889636e+03,
       5.80816101e+02, 1.38605505e+03, 5.79687439e+02, 1.43337439e+03,
       5.78613708e+02, 1.48071204e+03, 5.77532166e+02, 1.52813464e+03,
       5.76445801e+02, 1.57567590e+03, 5.75339539e+02, 1.62327563e+03,
       5.74269653e+02, 1.67106519e+03, 5.73146118e+02, 1.71880615e+03,
       5.72021545e+02, 5.51294067e+02, 6.46771851e+02, 5.97139038e+02,
       6.45819946e+02, 6.43064575e+02, 6.44756897e+02, 6.89102112e+02,
       6.43785400e+02, 7.35124512e+02, 6.42731628e+02, 7.81286499e+02,
       6.41705688e+02, 8.27565796e+02, 6.40812195e+02, 8.73880676e+02,
       6.39764160e+02, 9.20176025e+02, 6.38742065e+02, 9.66686096e+02,
       6.37790771e+02, 1.01313251e+03, 6.36688904e+02, 1.05978235e+03,
       6.35742126e+02, 1.10643201e+03, 6.34726990e+02, 1.15316541e+03,
       6.33756470e+02, 1.19972998e+03, 6.32658020e+02, 1.24698987e+03,
       6.31723389e+02, 1.29403125e+03, 6.30613098e+02, 1.34111145e+03,
       6.29578247e+02, 1.38826538e+03, 6.28551331e+02, 1.43549207e+03,
       6.27519653e+02, 1.48289709e+03, 6.26465942e+02, 1.53027417e+03,
       6.25430176e+02, 1.57782422e+03, 6.24380920e+02, 1.62543274e+03,
       6.23350342e+02, 1.67309570e+03, 6.22221130e+02, 1.72092041e+03,
       6.21175720e+02, 5.53625549e+02, 6.94878235e+02, 5.99636658e+02,
       6.93814514e+02, 6.45462524e+02, 6.92911560e+02, 6.91407104e+02,
       6.91943665e+02, 7.37605835e+02, 6.91010986e+02, 7.83759827e+02,
       6.90045837e+02, 8.29921448e+02, 6.89044922e+02, 8.76212891e+02,
       6.88140686e+02, 9.22602966e+02, 6.87184631e+02, 9.68961914e+02,
       6.86205383e+02, 1.01553876e+03, 6.85245850e+02, 1.06205334e+03,
       6.84246338e+02, 1.10873157e+03, 6.83224731e+02, 1.15545483e+03,
       6.82362183e+02, 1.20229370e+03, 6.81359924e+02, 1.24924658e+03,
       6.80370667e+02, 1.29623608e+03, 6.79359741e+02, 1.34332007e+03,
       6.78365295e+02, 1.39042603e+03, 6.77382996e+02, 1.43769055e+03,
       6.76332703e+02, 1.48501965e+03, 6.75363098e+02, 1.53247656e+03,
       6.74347229e+02, 1.57995471e+03, 6.73353577e+02, 1.62752637e+03,
       6.72385498e+02, 1.67524475e+03, 6.71357239e+02, 1.72295776e+03,
       6.70311646e+02, 5.56140808e+02, 7.42824341e+02, 6.02000061e+02,
       7.41928589e+02, 6.47859070e+02, 7.40995300e+02, 6.93874268e+02,
       7.40123596e+02, 7.39973694e+02, 7.39241089e+02, 7.86170410e+02,
       7.38286987e+02, 8.32312317e+02, 7.37356628e+02, 8.78566956e+02,
       7.36394348e+02, 9.24955444e+02, 7.35515198e+02, 9.71328552e+02,
       7.34546326e+02, 1.01779395e+03, 7.33639465e+02, 1.06437207e+03,
       7.32716553e+02, 1.11103027e+03, 7.31787537e+02, 1.15777966e+03,
       7.30833862e+02, 1.20459412e+03, 7.29932861e+02, 1.25145312e+03,
       7.28985779e+02, 1.29845471e+03, 7.28037781e+02, 1.34551257e+03,
       7.27048157e+02, 1.39270837e+03, 7.26117310e+02, 1.43990698e+03,
       7.25137329e+02, 1.48723254e+03, 7.24213623e+02, 1.53460815e+03,
       7.23207031e+02, 1.58213672e+03, 7.22290833e+02, 1.62967603e+03,
       7.21339844e+02, 1.67730334e+03, 7.20363953e+02, 1.72507129e+03,
       7.19426941e+02, 5.58618286e+02, 7.90860352e+02, 6.04441833e+02,
       7.89970581e+02, 6.50330688e+02, 7.89099609e+02, 6.96273682e+02,
       7.88203552e+02, 7.42365051e+02, 7.87403259e+02, 7.88445618e+02,
       7.86443542e+02, 8.34688599e+02, 7.85567017e+02, 8.80943726e+02,
       7.84666504e+02, 9.27276855e+02, 7.83795349e+02, 9.73612854e+02,
       7.82893860e+02, 1.02013287e+03, 7.82009644e+02, 1.06670972e+03,
       7.81169189e+02, 1.11333069e+03, 7.80310242e+02, 1.16006738e+03,
       7.79404602e+02, 1.20684131e+03, 7.78494385e+02, 1.25368604e+03,
       7.77605347e+02, 1.30076270e+03, 7.76628113e+02, 1.34773279e+03,
       7.75845276e+02, 1.39488062e+03, 7.74894592e+02, 1.44210352e+03,
       7.73937500e+02, 1.48934424e+03, 7.73036743e+02, 1.53680896e+03,
       7.72105652e+02, 1.58430005e+03, 7.71198303e+02, 1.63178735e+03,
       7.70330322e+02, 1.67944031e+03, 7.69355652e+02, 1.72714746e+03,
       7.68450867e+02, 5.61149719e+02, 8.38860168e+02, 6.06873779e+02,
       8.38048706e+02, 6.52823547e+02, 8.37155762e+02, 6.98720581e+02,
       8.36362366e+02, 7.44791809e+02, 8.35513916e+02, 7.90897644e+02,
       8.34661377e+02, 8.37093262e+02, 8.33790710e+02, 8.83331909e+02,
       8.32955811e+02, 9.29628601e+02, 8.32120422e+02, 9.76070557e+02,
       8.31312866e+02, 1.02246661e+03, 8.30444031e+02, 1.06899744e+03,
       8.29587402e+02, 1.11565698e+03, 8.28766785e+02, 1.16237354e+03,
       8.27922485e+02, 1.20913940e+03, 8.27064209e+02, 1.25600806e+03,
       8.26188293e+02, 1.30288550e+03, 8.25310608e+02, 1.34994043e+03,
       8.24404602e+02, 1.39707654e+03, 8.23569153e+02, 1.44430334e+03,
       8.22727417e+02, 1.49159729e+03, 8.21830627e+02, 1.53897766e+03,
       8.20931641e+02, 1.58641687e+03, 8.20059753e+02, 1.63392847e+03,
       8.19224548e+02, 1.68157910e+03, 8.18314636e+02, 1.72926392e+03,
       8.17436768e+02, 5.63503174e+02, 8.86826843e+02, 6.09347046e+02,
       8.86019714e+02, 6.55261108e+02, 8.85187073e+02, 7.01146667e+02,
       8.84343750e+02, 7.47142395e+02, 8.83585144e+02, 7.93206299e+02,
       8.82819214e+02, 8.39403503e+02, 8.81986755e+02, 8.85672729e+02,
       8.81201782e+02, 9.31957703e+02, 8.80349609e+02, 9.78363098e+02,
       8.79554321e+02, 1.02478748e+03, 8.78780029e+02, 1.07133655e+03,
       8.78025574e+02, 1.11787976e+03, 8.77163330e+02, 1.16462817e+03,
