%YAML:1.0
---
cam_1_6: !!opencv-matrix
   rows: 676
   cols: 1
   dt: "2f"
   data: [ 1.15005432e+03, 1.40959259e+02, 1.19725391e+03,
       1.41009186e+02, 1.24443323e+03, 1.41037964e+02, 1.29147803e+03,
       1.41177246e+02, 1.33847009e+03, 1.41197052e+02, 1.38533875e+03,
       1.41074005e+02, 1.43216064e+03, 1.41201981e+02, 1.47894995e+03,
       1.41204468e+02, 1.52565198e+03, 1.41197128e+02, 1.57228650e+03,
       1.41171982e+02, 1.61876331e+03, 1.41237122e+02, 1.66532312e+03,
       1.41248489e+02, 1.71172888e+03, 1.41207733e+02, 1.75817688e+03,
       1.41292145e+02, 1.80441833e+03, 1.41181412e+02, 1.85059314e+03,
       1.41122864e+02, 1.89662415e+03, 1.41092133e+02, 1.94285645e+03,
       1.41054733e+02, 1.98881128e+03, 1.41085846e+02, 2.03484448e+03,
       1.40990829e+02, 2.08066992e+03, 1.40994553e+02, 2.12663403e+03,
       1.40947922e+02, 2.17229517e+03, 1.40921661e+02, 2.21800586e+03,
       1.40770081e+02, 2.26363501e+03, 1.40905457e+02, 2.30906494e+03,
       1.40771072e+02, 1.14862158e+03, 1.89877213e+02, 1.19585327e+03,
       1.89928680e+02, 1.24296594e+03, 1.89931839e+02, 1.29002563e+03,
       1.89889252e+02, 1.33695496e+03, 1.89897354e+02, 1.38383008e+03,
       1.89924759e+02, 1.43053540e+03, 1.89837631e+02, 1.47734778e+03,
       1.89823715e+02, 1.52394995e+03, 1.89818619e+02, 1.57058020e+03,
       1.89739044e+02, 1.61712756e+03, 1.89766327e+02, 1.66366541e+03,
       1.89623596e+02, 1.71003357e+03, 1.89511948e+02, 1.75633655e+03,
       1.89484451e+02, 1.80265015e+03, 1.89602234e+02, 1.84882312e+03,
       1.89442551e+02, 1.89493921e+03, 1.89426102e+02, 1.94102429e+03,
       1.89335541e+02, 1.98694336e+03, 1.89293793e+02, 2.03296741e+03,
       1.89204391e+02, 2.07885327e+03, 1.89123322e+02, 2.12473853e+03,
       1.88954376e+02, 2.17043677e+03, 1.88804733e+02, 2.21600903e+03,
       1.88864105e+02, 2.26178613e+03, 1.88795807e+02, 2.30716406e+03,
       1.88794418e+02, 1.14723950e+03, 2.38675674e+02, 1.19437024e+03,
       2.38624176e+02, 1.24146301e+03, 2.38562515e+02, 1.28847009e+03,
       2.38543594e+02, 1.33544104e+03, 2.38518646e+02, 1.38222058e+03,
       2.38526886e+02, 1.42896021e+03, 2.38395401e+02, 1.47574414e+03,
       2.38334290e+02, 1.52239990e+03, 2.38243454e+02, 1.56898901e+03,
       2.38188110e+02, 1.61544812e+03, 2.38143707e+02, 1.66195898e+03,
       2.38065765e+02, 1.70832410e+03, 2.37946075e+02, 1.75460730e+03,
       2.37868500e+02, 1.80082825e+03, 2.37740509e+02, 1.84702100e+03,
       2.37658203e+02, 1.89312671e+03, 2.37527191e+02, 1.93920044e+03,
       2.37496384e+02, 1.98519824e+03, 2.37405426e+02, 2.03104187e+03,
       2.37303116e+02, 2.07696021e+03, 2.37189072e+02, 2.12271118e+03,
       2.37051651e+02, 2.16846265e+03, 2.36888046e+02, 2.21402808e+03,
       2.36841751e+02, 2.25966235e+03, 2.36720978e+02, 2.30521362e+03,
       2.36566391e+02, 1.14574756e+03, 2.87366882e+02, 1.19291565e+03,
       2.87295197e+02, 1.23991821e+03, 2.87194611e+02, 1.28696130e+03,
       2.87107971e+02, 1.33389832e+03, 2.87096039e+02, 1.38073193e+03,
       2.86945618e+02, 1.42738904e+03, 2.86711060e+02, 1.47410034e+03,
       2.86806885e+02, 1.52078076e+03, 2.86689880e+02, 1.56728552e+03,
       2.86629120e+02, 1.61380518e+03, 2.86468323e+02, 1.66028210e+03,
       2.86367279e+02, 1.70660681e+03, 2.86280090e+02, 1.75287292e+03,
       2.86181641e+02, 1.79908398e+03, 2.86033691e+02, 1.84523669e+03,
       2.85881104e+02, 1.89135107e+03, 2.85685516e+02, 1.93745740e+03,
       2.85516846e+02, 1.98327795e+03, 2.85512390e+02, 2.02917944e+03,
       2.85387878e+02, 2.07493481e+03, 2.85205292e+02, 2.12078833e+03,
       2.85043091e+02, 2.16644141e+03, 2.84891663e+02, 2.21219312e+03,
       2.84780792e+02, 2.25766504e+03, 2.84664673e+02, 2.30318457e+03,
       2.84390656e+02, 1.14440808e+03, 3.36044739e+02, 1.19143018e+03,
       3.35970703e+02, 1.23847571e+03, 3.35820465e+02, 1.28544604e+03,
       3.35714661e+02, 1.33239880e+03, 3.35595947e+02, 1.37921326e+03,
       3.35438263e+02, 1.42585913e+03, 3.35348389e+02, 1.47247449e+03,
       3.35160156e+02, 1.51905530e+03, 3.35068726e+02, 1.56566968e+03,
       3.34960602e+02, 1.61211047e+03, 3.34704437e+02, 1.65850195e+03,
       3.34628387e+02, 1.70484863e+03, 3.34442719e+02, 1.75105298e+03,
       3.34427856e+02, 1.79732422e+03, 3.34166077e+02, 1.84344165e+03,
       3.33983398e+02, 1.88956897e+03, 3.33810577e+02, 1.93553455e+03,
       3.33630524e+02, 1.98146533e+03, 3.33496033e+02, 2.02734766e+03,
       3.33399048e+02, 2.07299463e+03, 3.33226501e+02, 2.11892432e+03,
       3.32930664e+02, 2.16447949e+03, 3.32855835e+02, 2.21021338e+03,
       3.32615997e+02, 2.25550635e+03, 3.32277069e+02, 2.30119482e+03,
       3.32145355e+02, 1.14290295e+03, 3.84686432e+02, 1.19000647e+03,
       3.84492065e+02, 1.23702527e+03, 3.84402039e+02, 1.28394678e+03,
       3.84202545e+02, 1.33082043e+03, 3.84045593e+02, 1.37756091e+03,
       3.83943146e+02, 1.42419470e+03, 3.83824310e+02, 1.47094873e+03,
       3.83526825e+02, 1.51756409e+03, 3.83426453e+02, 1.56399304e+03,
       3.83191162e+02, 1.61046863e+03, 3.83088623e+02, 1.65689526e+03,
       3.82836792e+02, 1.70317688e+03, 3.82623962e+02, 1.74942932e+03,
       3.82443390e+02, 1.79546899e+03, 3.82280853e+02, 1.84161438e+03,
       3.82113586e+02, 1.88767932e+03, 3.81846710e+02, 1.93369385e+03,
       3.81682770e+02, 1.97965210e+03, 3.81373138e+02, 2.02540125e+03,
       3.81278473e+02, 2.07114087e+03, 3.81052887e+02, 2.11694751e+03,
       3.80920959e+02, 2.16266602e+03, 3.80565369e+02, 2.20816040e+03,
       3.80380188e+02, 2.25363696e+03, 3.80164124e+02, 2.29913770e+03,
       3.80016663e+02, 1.14148010e+03, 4.33276764e+02, 1.18852185e+03,
       4.33080963e+02, 1.23555591e+03, 4.32895020e+02, 1.28247876e+03,
       4.32627533e+02, 1.32927808e+03, 4.32501129e+02, 1.37601428e+03,
       4.32150330e+02, 1.42272144e+03, 4.32085785e+02, 1.46931262e+03,
       4.31840820e+02, 1.51590637e+03, 4.31722931e+02, 1.56238245e+03,
       4.31367401e+02, 1.60877673e+03, 4.31243683e+02, 1.65513660e+03,
       4.31004242e+02, 1.70141528e+03, 4.30802338e+02, 1.74762451e+03,
       4.30521637e+02, 1.79378394e+03, 4.30332153e+02, 1.83989880e+03,
       4.30091522e+02, 1.88591760e+03, 4.29798370e+02, 1.93182666e+03,
       4.29559326e+02, 1.97775232e+03, 4.29329681e+02, 2.02358643e+03,
       4.29047119e+02, 2.06922705e+03, 4.28827942e+02, 2.11497021e+03,
       4.28630035e+02, 2.16071484e+03, 4.28292023e+02, 2.20619800e+03,
       4.28095520e+02, 2.25193994e+03, 4.28013763e+02, 2.29707886e+03,
       4.27720947e+02, 1.14001685e+03, 4.81741547e+02, 1.18706006e+03,
       4.81503662e+02, 1.23404688e+03, 4.81253326e+02, 1.28092859e+03,
       4.81027069e+02, 1.32777625e+03, 4.80839020e+02, 1.37447083e+03,
       4.80560516e+02, 1.42112451e+03, 4.80275421e+02, 1.46770947e+03,
       4.80062225e+02, 1.51423706e+03, 4.79841003e+02, 1.56066272e+03,
       4.79607513e+02, 1.60716858e+03, 4.79314911e+02, 1.65340503e+03,
       4.79096863e+02, 1.69967371e+03, 4.78815338e+02, 1.74591260e+03,
       4.78548035e+02, 1.79208240e+03, 4.78350281e+02, 1.83809253e+03,
       4.78020569e+02, 1.88399048e+03, 4.77783539e+02, 1.93005103e+03,
       4.77528107e+02, 1.97589941e+03, 4.77227448e+02, 2.02174170e+03,
       4.76985168e+02, 2.06734790e+03, 4.76646454e+02, 2.11306274e+03,
       4.76287415e+02, 2.15875171e+03, 4.76084625e+02, 2.20417969e+03,
       4.75863831e+02, 2.24977417e+03, 4.75545288e+02, 2.29515503e+03,
       4.75227386e+02, 1.13855115e+03, 5.30210876e+02, 1.18559131e+03,
       5.30011292e+02, 1.23249609e+03, 5.29687622e+02, 1.27941260e+03,
       5.29387878e+02, 1.32614771e+03, 5.29140808e+02, 1.37290149e+03,
       5.28852722e+02, 1.41950598e+03, 5.28552063e+02, 1.46611963e+03,
       5.28214417e+02, 1.51261853e+03, 5.28005188e+02, 1.55907776e+03,
       5.27649902e+02, 1.60545288e+03, 5.27419128e+02, 1.65176465e+03,
       5.27205322e+02, 1.69797388e+03, 5.26835938e+02, 1.74413000e+03,
