%YAML:1.0
---
cam_1_3: !!opencv-matrix
   rows: 676
   cols: 1
   dt: "2f"
   data: [ 1.04442883e+03, 2.24472549e+02, 1.09414307e+03,
       2.20359222e+02, 1.14366357e+03, 2.16136154e+02, 1.19277600e+03,
       2.12097733e+02, 1.24198132e+03, 2.08092896e+02, 1.29118445e+03,
       2.03888031e+02, 1.34052124e+03, 2.00056671e+02, 1.38922742e+03,
       1.95924545e+02, 1.43820874e+03, 1.91880035e+02, 1.48689099e+03,
       1.87648712e+02, 1.53543689e+03, 1.83621384e+02, 1.58428516e+03,
       1.79410507e+02, 1.63251648e+03, 1.75576584e+02, 1.68087488e+03,
       1.71503525e+02, 1.72917566e+03, 1.67243286e+02, 1.77744714e+03,
       1.63253342e+02, 1.82562695e+03, 1.59344635e+02, 1.87362500e+03,
       1.55201843e+02, 1.92153491e+03, 1.51233536e+02, 1.96938171e+03,
       1.47073975e+02, 2.01713184e+03, 1.43070648e+02, 2.06481836e+03,
       1.39009903e+02, 2.11235645e+03, 1.35091568e+02, 2.15987988e+03,
       1.30958817e+02, 2.20722778e+03, 1.26842644e+02, 2.25460693e+03,
       1.22805176e+02, 1.05165308e+03, 2.75877716e+02, 1.10135461e+03,
       2.71782501e+02, 1.15057788e+03, 2.67488098e+02, 1.20001843e+03,
       2.63364685e+02, 1.24920215e+03, 2.59299591e+02, 1.29849707e+03,
       2.54998764e+02, 1.34752161e+03, 2.50915054e+02, 1.39647424e+03,
       2.46708054e+02, 1.44520984e+03, 2.42689224e+02, 1.49414343e+03,
       2.38772705e+02, 1.54271118e+03, 2.34446426e+02, 1.59129297e+03,
       2.30230057e+02, 1.63975977e+03, 2.26181641e+02, 1.68803198e+03,
       2.22001450e+02, 1.73647681e+03, 2.18029175e+02, 1.78467395e+03,
       2.13891800e+02, 1.83289673e+03, 2.09630966e+02, 1.88094653e+03,
       2.05821732e+02, 1.92879993e+03, 2.01744431e+02, 1.97647107e+03,
       1.97611099e+02, 2.02444519e+03, 1.93417175e+02, 2.07229688e+03,
       1.89168961e+02, 2.11966357e+03, 1.85014801e+02, 2.16707324e+03,
       1.81077698e+02, 2.21454419e+03, 1.76996292e+02, 2.26182861e+03,
       1.72914276e+02, 1.05883325e+03, 3.27326660e+02, 1.10853113e+03,
       3.23108521e+02, 1.15788318e+03, 3.18745209e+02, 1.20719238e+03,
       3.14605591e+02, 1.25657446e+03, 3.10408112e+02, 1.30569775e+03,
       3.06291687e+02, 1.35478589e+03, 3.01896423e+02, 1.40371606e+03,
       2.97756897e+02, 1.45225659e+03, 2.93094147e+02, 1.50140173e+03,
       2.89438873e+02, 1.54991272e+03, 2.85199524e+02, 1.59857080e+03,
       2.81046204e+02, 1.64700293e+03, 2.76927887e+02, 1.69553906e+03,
       2.72890228e+02, 1.74372839e+03, 2.68688171e+02, 1.79199756e+03,
       2.64534760e+02, 1.84016760e+03, 2.60402222e+02, 1.88840320e+03,
       2.56310760e+02, 1.93653125e+03, 2.52660675e+02, 1.98390320e+03,
       2.47878174e+02, 2.03177563e+03, 2.43834259e+02, 2.07934009e+03,
       2.39529175e+02, 2.12698242e+03, 2.35466614e+02, 2.17457959e+03,
       2.31108978e+02, 2.22198682e+03, 2.27146729e+02, 2.26921045e+03,
       2.22932266e+02, 1.06611707e+03, 3.78604187e+02, 1.11559619e+03,
       3.74506531e+02, 1.16527197e+03, 3.70168488e+02, 1.21437732e+03,
       3.65925934e+02, 1.26372559e+03, 3.61557953e+02, 1.31288806e+03,
       3.57518707e+02, 1.36199231e+03, 3.53006531e+02, 1.41086487e+03,
       3.48925323e+02, 1.46001526e+03, 3.44744293e+02, 1.50869495e+03,
       3.40345184e+02, 1.55727588e+03, 3.36190765e+02, 1.60583240e+03,
       3.31899017e+02, 1.65431067e+03, 3.27709930e+02, 1.70255127e+03,
       3.23515228e+02, 1.75093787e+03, 3.19390991e+02, 1.79913098e+03,
       3.15188446e+02, 1.84762659e+03, 3.10834564e+02, 1.89549207e+03,
       3.06651581e+02, 1.94317517e+03, 3.02444275e+02, 1.99119885e+03,
       2.98261871e+02, 2.03891785e+03, 2.94134613e+02, 2.08660669e+03,
       2.89919891e+02, 2.13424048e+03, 2.85730988e+02, 2.18188257e+03,
       2.81542328e+02, 2.22929761e+03, 2.77303894e+02, 2.27660254e+03,
       2.73144501e+02, 1.07337231e+03, 4.30028687e+02, 1.12301379e+03,
       4.25804718e+02, 1.17244128e+03, 4.21366577e+02, 1.22167371e+03,
       4.17082092e+02, 1.27110156e+03, 4.12907440e+02, 1.32010034e+03,
       4.08572418e+02, 1.36922351e+03, 4.04354156e+02, 1.41830176e+03,
       4.00044983e+02, 1.46711963e+03, 3.95798645e+02, 1.51589880e+03,
       3.91350922e+02, 1.56457312e+03, 3.87019409e+02, 1.61327002e+03,
       3.82757324e+02, 1.66169849e+03, 3.78501648e+02, 1.71011621e+03,
       3.74159149e+02, 1.75828699e+03, 3.69972260e+02, 1.80667737e+03,
       3.65752136e+02, 1.85471875e+03, 3.61502838e+02, 1.90268237e+03,
       3.57277649e+02, 1.95063232e+03, 3.53044098e+02, 1.99860400e+03,
       3.48913910e+02, 2.04629211e+03, 3.44568604e+02, 2.09407520e+03,
       3.40241394e+02, 2.14175439e+03, 3.36032227e+02, 2.18914722e+03,
       3.31927551e+02, 2.23661084e+03, 3.27538055e+02, 2.28400635e+03,
       3.23405243e+02, 1.08062256e+03, 4.81903107e+02, 1.13005103e+03,
       4.77419495e+02, 1.17964136e+03, 4.72944244e+02, 1.22899988e+03,
       4.68527313e+02, 1.27834607e+03, 4.64240753e+02, 1.32742749e+03,
       4.59947784e+02, 1.37670959e+03, 4.55432556e+02, 1.42538513e+03,
       4.51074310e+02, 1.47433643e+03, 4.46757660e+02, 1.52323926e+03,
       4.42210693e+02, 1.57183765e+03, 4.38097931e+02, 1.62051648e+03,
       4.33795441e+02, 1.66889197e+03, 4.29505188e+02, 1.71747925e+03,
       4.25208557e+02, 1.76561670e+03, 4.20793884e+02, 1.81398132e+03,
       4.16434235e+02, 1.86208228e+03, 4.12224213e+02, 1.91023621e+03,
       4.07688904e+02, 1.95801624e+03, 4.03519653e+02, 2.00606653e+03,
       3.99299744e+02, 2.05384790e+03, 3.95075806e+02, 2.10154688e+03,
       3.90724091e+02, 2.14915527e+03, 3.86414429e+02, 2.19668091e+03,
       3.82141571e+02, 2.24412695e+03, 3.77805725e+02, 2.29135620e+03,
       3.73703979e+02, 1.08784521e+03, 5.32988464e+02, 1.13707385e+03,
       5.28757507e+02, 1.18686279e+03, 5.24335022e+02, 1.23632837e+03,
       5.19885437e+02, 1.28569470e+03, 5.15610962e+02, 1.33472925e+03,
       5.10950806e+02, 1.38388245e+03, 5.06607574e+02, 1.43284448e+03,
       5.02121307e+02, 1.48182080e+03, 4.97800598e+02, 1.53040662e+03,
       4.93350708e+02, 1.57922363e+03, 4.89193420e+02, 1.62791687e+03,
       4.84575195e+02, 1.67629663e+03, 4.80233337e+02, 1.72479077e+03,
       4.75800690e+02, 1.77305054e+03, 4.71410828e+02, 1.82139856e+03,
       4.67179565e+02, 1.86948535e+03, 4.62928284e+02, 1.91750708e+03,
       4.58500702e+02, 1.96558533e+03, 4.54050262e+02, 2.01355554e+03,
       4.49750488e+02, 2.06107422e+03, 4.45382355e+02, 2.10888403e+03,
       4.41160278e+02, 2.15654541e+03, 4.36674011e+02, 2.20404297e+03,
       4.32502563e+02, 2.25153125e+03, 4.28115448e+02, 2.29884253e+03,
       4.23901398e+02, 1.09507861e+03, 5.84746643e+02, 1.14458887e+03,
       5.80080872e+02, 1.19420874e+03, 5.75629456e+02, 1.24363232e+03,
       5.71252380e+02, 1.29289563e+03, 5.66761292e+02, 1.34209558e+03,
       5.62240906e+02, 1.39126440e+03, 5.57757202e+02, 1.44021191e+03,
       5.53393921e+02, 1.48906482e+03, 5.48906372e+02, 1.53769482e+03,
       5.44535156e+02, 1.58653772e+03, 5.40152893e+02, 1.63514661e+03,
       5.35520630e+02, 1.68370715e+03, 5.31242249e+02, 1.73232227e+03,
       5.26734802e+02, 1.78041528e+03, 5.22389954e+02, 1.82877661e+03,
       5.17767944e+02, 1.87688293e+03, 5.13416321e+02, 1.92489783e+03,
       5.09089966e+02, 1.97294360e+03, 5.04464417e+02, 2.02080444e+03,
       5.00320618e+02, 2.06863403e+03, 4.95889069e+02, 2.11638525e+03,
       4.91573944e+02, 2.16402100e+03, 4.87152100e+02, 2.21166260e+03,
       4.82856201e+02, 2.25911108e+03, 4.78629181e+02, 2.30655249e+03,
       4.74251038e+02, 1.10235596e+03, 6.36178345e+02, 1.15202283e+03,
       6.31572937e+02, 1.20160107e+03, 6.27263245e+02, 1.25087683e+03,
       6.22612549e+02, 1.30020312e+03, 6.18073669e+02, 1.34948511e+03,
       6.13452026e+02, 1.39869751e+03, 6.09199585e+02, 1.44758252e+03,
       6.04617310e+02, 1.49632434e+03, 6.00084900e+02, 1.54517456e+03,
       5.95492371e+02, 1.59386963e+03, 5.91078308e+02, 1.64259705e+03,
       5.86477844e+02, 1.69099951e+03, 5.82037354e+02, 1.73975574e+03,
