%YAML:1.0
---
cam_2_5: !!opencv-matrix
   rows: 676
   cols: 1
   dt: "2f"
   data: [ 3.71585388e+02, 4.89632385e+02, 4.21188416e+02,
       4.88683350e+02, 4.70976166e+02, 4.87807098e+02, 5.20823853e+02,
       4.87058777e+02, 5.70537415e+02, 4.86139648e+02, 6.20242371e+02,
       4.85177307e+02, 6.70069397e+02, 4.84340881e+02, 7.19891541e+02,
       4.83432434e+02, 7.69676208e+02, 4.82563934e+02, 8.19500122e+02,
       4.81646942e+02, 8.69290894e+02, 4.80710876e+02, 9.19084412e+02,
       4.79997498e+02, 9.69052795e+02, 4.79012024e+02, 1.01884406e+03,
       4.78117432e+02, 1.06870435e+03, 4.77183868e+02, 1.11869360e+03,
       4.76320557e+02, 1.16865576e+03, 4.75396301e+02, 1.21851392e+03,
       4.74436676e+02, 1.26853613e+03, 4.73455231e+02, 1.31845264e+03,
       4.72525879e+02, 1.36853699e+03, 4.71540985e+02, 1.41859058e+03,
       4.70590881e+02, 1.46858997e+03, 4.69716797e+02, 1.51867639e+03,
       4.68838654e+02, 1.56878748e+03, 4.67758057e+02, 1.61898499e+03,
       4.66828979e+02, 3.72910614e+02, 5.39300476e+02, 4.22691254e+02,
       5.38523438e+02, 4.72399689e+02, 5.37578430e+02, 5.22138489e+02,
       5.36776978e+02, 5.71957703e+02, 5.35911072e+02, 6.21599731e+02,
       5.35072998e+02, 6.71408508e+02, 5.34198669e+02, 7.21170105e+02,
       5.33233215e+02, 7.70949646e+02, 5.32322937e+02, 8.20756653e+02,
       5.31460632e+02, 8.70625977e+02, 5.30532104e+02, 9.20435608e+02,
       5.29700073e+02, 9.70266235e+02, 5.28840149e+02, 1.02004663e+03,
       5.28078369e+02, 1.06990808e+03, 5.27079163e+02, 1.11989124e+03,
       5.26262207e+02, 1.16972253e+03, 5.25256287e+02, 1.21968762e+03,
       5.24398438e+02, 1.26952173e+03, 5.23418213e+02, 1.31954822e+03,
       5.22502258e+02, 1.36963342e+03, 5.21524475e+02, 1.41962537e+03,
       5.20689148e+02, 1.46970471e+03, 5.19734070e+02, 1.51977759e+03,
       5.18764465e+02, 1.56992676e+03, 5.17902100e+02, 1.61992151e+03,
       5.17013489e+02, 3.74331818e+02, 5.89163940e+02, 4.24138733e+02,
       5.88307007e+02, 4.73839233e+02, 5.87467712e+02, 5.23559448e+02,
       5.86617554e+02, 5.73210327e+02, 5.85676147e+02, 6.22985596e+02,
       5.84845520e+02, 6.72748291e+02, 5.83932800e+02, 7.22408875e+02,
       5.83045410e+02, 7.72230408e+02, 5.82213806e+02, 8.22069946e+02,
       5.81338074e+02, 8.71880859e+02, 5.80406372e+02, 9.21455750e+02,
       5.79441284e+02, 9.71473572e+02, 5.78658875e+02, 1.02127637e+03,
       5.77774902e+02, 1.07116968e+03, 5.76895264e+02, 1.12097351e+03,
       5.76138550e+02, 1.17081775e+03, 5.75182983e+02, 1.22077502e+03,
       5.74338867e+02, 1.27070801e+03, 5.73421021e+02, 1.32064954e+03,
       5.72526245e+02, 1.37072815e+03, 5.71735046e+02, 1.42065039e+03,
       5.70788086e+02, 1.47069409e+03, 5.69852417e+02, 1.52073071e+03,
       5.68955933e+02, 1.57078931e+03, 5.67985352e+02, 1.62093433e+03,
       5.67138062e+02, 3.75830109e+02, 6.38889221e+02, 4.25507996e+02,
       6.37996338e+02, 4.75235626e+02, 6.37218933e+02, 5.24897766e+02,
       6.36278564e+02, 5.74650024e+02, 6.35439270e+02, 6.24333557e+02,
       6.34564270e+02, 6.74064270e+02, 6.33699585e+02, 7.23699585e+02,
       6.32808472e+02, 7.73495239e+02, 6.31933838e+02, 8.23307373e+02,
       6.31086731e+02, 8.73034729e+02, 6.30261292e+02, 9.22924622e+02,
       6.29306885e+02, 9.72671265e+02, 6.28449341e+02, 1.02252612e+03,
       6.27533203e+02, 1.07236243e+03, 6.26721741e+02, 1.12217932e+03,
       6.25918579e+02, 1.17209204e+03, 6.24959595e+02, 1.22185693e+03,
       6.24097595e+02, 1.27191675e+03, 6.23347595e+02, 1.32172815e+03,
       6.22532288e+02, 1.37167297e+03, 6.21638794e+02, 1.42172656e+03,
       6.20757324e+02, 1.47163770e+03, 6.19847656e+02, 1.52172815e+03,
       6.19002197e+02, 1.57182898e+03, 6.18065247e+02, 1.62186426e+03,
       6.17099792e+02, 3.77233887e+02, 6.88582092e+02, 4.26863312e+02,
       6.87780945e+02, 4.76633484e+02, 6.86858704e+02, 5.26269836e+02,
       6.85970703e+02, 5.75938232e+02, 6.85092957e+02, 6.25520569e+02,
       6.84236755e+02, 6.75338684e+02, 6.83401428e+02, 7.25111755e+02,
       6.82515930e+02, 7.74825989e+02, 6.81686401e+02, 8.24543884e+02,
       6.80827759e+02, 8.74292786e+02, 6.79955078e+02, 9.24026550e+02,
       6.79036255e+02, 9.73891663e+02, 6.78174622e+02, 1.02371692e+03,
       6.77324829e+02, 1.07352576e+03, 6.76440857e+02, 1.12335645e+03,
       6.75627258e+02, 1.17322620e+03, 6.74737000e+02, 1.22311670e+03,
       6.73960327e+02, 1.27299841e+03, 6.73151611e+02, 1.32294556e+03,
       6.72280701e+02, 1.37282361e+03, 6.71494263e+02, 1.42278992e+03,
       6.70628662e+02, 1.47271082e+03, 6.69833069e+02, 1.52275574e+03,
       6.68893433e+02, 1.57273376e+03, 6.67996704e+02, 1.62281104e+03,
       6.67124817e+02, 3.78681000e+02, 7.38327698e+02, 4.28368896e+02,
       7.37571716e+02, 4.77825439e+02, 7.36559570e+02, 5.27575806e+02,
       7.35672058e+02, 5.77251709e+02, 7.34870667e+02, 6.26892883e+02,
       7.33924255e+02, 6.76617310e+02, 7.33074341e+02, 7.26421387e+02,
       7.32295593e+02, 7.76038147e+02, 7.31336182e+02, 8.25770264e+02,
       7.30442871e+02, 8.75533936e+02, 7.29612671e+02, 9.25255066e+02,
       7.28717529e+02, 9.74999756e+02, 7.27829895e+02, 1.02496863e+03,
       7.27030334e+02, 1.07476782e+03, 7.26211487e+02, 1.12453967e+03,
       7.25333679e+02, 1.17442554e+03, 7.24514648e+02, 1.22421692e+03,
       7.23655884e+02, 1.27414099e+03, 7.22934143e+02, 1.32404456e+03,
       7.22117432e+02, 1.37391223e+03, 7.21302979e+02, 1.42377551e+03,
       7.20428162e+02, 1.47374341e+03, 7.19557861e+02, 1.52372156e+03,
       7.18664856e+02, 1.57377881e+03, 7.17726501e+02, 1.62377588e+03,
       7.16961548e+02, 3.80092468e+02, 7.87953369e+02, 4.29525085e+02,
       7.87047546e+02, 4.79207153e+02, 7.86185974e+02, 5.28763855e+02,
       7.85294678e+02, 5.78494751e+02, 7.84497803e+02, 6.28295471e+02,
       7.83619568e+02, 6.77949646e+02, 7.82731262e+02, 7.27611145e+02,
       7.81946533e+02, 7.77232666e+02, 7.80965210e+02, 8.27013733e+02,
       7.80108826e+02, 8.76622192e+02, 7.79265076e+02, 9.26481628e+02,
       7.78376709e+02, 9.76276855e+02, 7.77585754e+02, 1.02605310e+03,
       7.76730530e+02, 1.07588049e+03, 7.75847534e+02, 1.12568237e+03,
       7.75015259e+02, 1.17556995e+03, 7.74259094e+02, 1.22540186e+03,
       7.73468506e+02, 1.27536157e+03, 7.72621094e+02, 1.32513037e+03,
       7.71839417e+02, 1.37502075e+03, 7.71024597e+02, 1.42482288e+03,
       7.70158936e+02, 1.47474976e+03, 7.69291260e+02, 1.52473755e+03,
       7.68371399e+02, 1.57474683e+03, 7.67483643e+02, 1.62481238e+03,
       7.66603149e+02, 3.81321381e+02, 8.37408447e+02, 4.30909973e+02,
       8.36610413e+02, 4.80576263e+02, 8.35700134e+02, 5.30186279e+02,
       8.34899292e+02, 5.79877014e+02, 8.34064148e+02, 6.29465088e+02,
       8.33285706e+02, 6.79238281e+02, 8.32398987e+02, 7.28823914e+02,
       8.31483154e+02, 7.78422119e+02, 8.30552185e+02, 8.28141052e+02,
       8.29803162e+02, 8.77873596e+02, 8.28949402e+02, 9.27707092e+02,
       8.28125488e+02, 9.77479858e+02, 8.27270264e+02, 1.02730103e+03,
       8.26420227e+02, 1.07711816e+03, 8.25628296e+02, 1.12675427e+03,
       8.24838257e+02, 1.17667542e+03, 8.23933105e+02, 1.22659424e+03,
       8.23173889e+02, 1.27647900e+03, 8.22347229e+02, 1.32627698e+03,
       8.21478271e+02, 1.37608069e+03, 8.20671021e+02, 1.42583826e+03,
       8.19706970e+02, 1.47579150e+03, 8.18778442e+02, 1.52572424e+03,
       8.18047363e+02, 1.57575781e+03, 8.17196838e+02, 1.62571899e+03,
       8.16304199e+02, 3.82704773e+02, 8.86994568e+02, 4.32349731e+02,
       8.86146973e+02, 4.81950958e+02, 8.85363281e+02, 5.31593628e+02,
       8.84546936e+02, 5.81198853e+02, 8.83630005e+02, 6.30785522e+02,
       8.82839600e+02, 6.80507935e+02, 8.81979065e+02, 7.30127625e+02,
       8.81097351e+02, 7.79587830e+02, 8.80362427e+02, 8.29392029e+02,
       8.79445679e+02, 8.79200928e+02, 8.78624023e+02, 9.28930298e+02,
       8.77725403e+02, 9.78693909e+02, 8.76909790e+02, 1.02841638e+03,
