%YAML:1.0
---
cam_2_9: !!opencv-matrix
   rows: 676
   cols: 1
   dt: "2f"
   data: [ 1.55493637e+02, 5.59646301e+02, 2.03522217e+02,
       5.54721069e+02, 2.51461487e+02, 5.49643311e+02, 2.99444427e+02,
       5.44437622e+02, 3.47578156e+02, 5.39329773e+02, 3.95656219e+02,
       5.34104553e+02, 4.44141510e+02, 5.29047546e+02, 4.92562836e+02,
       5.23789124e+02, 5.41224976e+02, 5.18608704e+02, 5.89696777e+02,
       5.13592407e+02, 6.38408691e+02, 5.08222229e+02, 6.87160950e+02,
       5.03261536e+02, 7.35851807e+02, 4.97919678e+02, 7.84697083e+02,
       4.92569153e+02, 8.33689880e+02, 4.87397552e+02, 8.82784790e+02,
       4.82121521e+02, 9.31937622e+02, 4.76864655e+02, 9.81227417e+02,
       4.71462128e+02, 1.03041064e+03, 4.66270905e+02, 1.07988562e+03,
       4.60889648e+02, 1.12934448e+03, 4.55670563e+02, 1.17896777e+03,
       4.50311737e+02, 1.22874524e+03, 4.45041321e+02, 1.27839148e+03,
       4.39692688e+02, 1.32832202e+03, 4.34380280e+02, 1.37825525e+03,
       4.28839355e+02, 1.56756363e+02, 6.09744507e+02, 2.04867386e+02,
       6.04675781e+02, 2.52936432e+02, 5.99596741e+02, 3.00859375e+02,
       5.94459900e+02, 3.49036835e+02, 5.89432617e+02, 3.97463959e+02,
       5.84319641e+02, 4.45655304e+02, 5.79327148e+02, 4.94170715e+02,
       5.74142151e+02, 5.42720032e+02, 5.68993469e+02, 5.91255554e+02,
       5.63857849e+02, 6.39946899e+02, 5.58715454e+02, 6.88607117e+02,
       5.53692810e+02, 7.37370972e+02, 5.48395691e+02, 7.86395630e+02,
       5.43149231e+02, 8.35447998e+02, 5.38015625e+02, 8.84541382e+02,
       5.32816345e+02, 9.33710144e+02, 5.27526794e+02, 9.82892700e+02,
       5.22273865e+02, 1.03228040e+03, 5.16965149e+02, 1.08185059e+03,
       5.11625153e+02, 1.13135266e+03, 5.06481506e+02, 1.18093237e+03,
       5.01192566e+02, 1.23065002e+03, 4.95922150e+02, 1.28050525e+03,
       4.90516602e+02, 1.33053052e+03, 4.85246552e+02, 1.38039294e+03,
       4.79766846e+02, 1.58109039e+02, 6.59850708e+02, 2.06317581e+02,
       6.54891174e+02, 2.54201752e+02, 6.49839844e+02, 3.02298645e+02,
       6.44745605e+02, 3.50543121e+02, 6.39718567e+02, 3.98831024e+02,
       6.34611572e+02, 4.47292572e+02, 6.29614014e+02, 4.95795563e+02,
       6.24442383e+02, 5.44288513e+02, 6.19392334e+02, 5.92927612e+02,
       6.14165283e+02, 6.41466125e+02, 6.09282593e+02, 6.90387817e+02,
       6.04136536e+02, 7.39000671e+02, 5.99019470e+02, 7.87975159e+02,
       5.93686523e+02, 8.37235229e+02, 5.88703186e+02, 8.86374756e+02,
       5.83369202e+02, 9.35559937e+02, 5.78371948e+02, 9.84969421e+02,
       5.73221191e+02, 1.03419629e+03, 5.67886475e+02, 1.08377197e+03,
       5.62488525e+02, 1.13329028e+03, 5.57410645e+02, 1.18276331e+03,
       5.52046326e+02, 1.23274768e+03, 5.46846130e+02, 1.28253748e+03,
       5.41730469e+02, 1.33246777e+03, 5.36265503e+02, 1.38247534e+03,
       5.31074402e+02, 1.59503632e+02, 7.10039490e+02, 2.07586761e+02,
       7.04910645e+02, 2.55572540e+02, 6.99958069e+02, 3.03709442e+02,
       6.94932434e+02, 3.52047638e+02, 6.90053772e+02, 4.00318268e+02,
       6.84971008e+02, 4.48793182e+02, 6.79884155e+02, 4.97276306e+02,
       6.74899170e+02, 5.45796387e+02, 6.69807800e+02, 5.94523071e+02,
       6.64707153e+02, 6.43338501e+02, 6.59723328e+02, 6.91949890e+02,
       6.54502197e+02, 7.40788269e+02, 6.49382568e+02, 7.89611877e+02,
       6.44472961e+02, 8.38845581e+02, 6.39172974e+02, 8.88124878e+02,
       6.34130859e+02, 9.37433533e+02, 6.28960938e+02, 9.86483948e+02,
       6.23781189e+02, 1.03594958e+03, 6.18709717e+02, 1.08562659e+03,
       6.13523254e+02, 1.13492322e+03, 6.08278809e+02, 1.18479797e+03,
       6.03094360e+02, 1.23446375e+03, 5.97915894e+02, 1.28444116e+03,
       5.92734436e+02, 1.33448438e+03, 5.87487427e+02, 1.38454126e+03,
       5.82289795e+02, 1.60903580e+02, 7.60135925e+02, 2.08903091e+02,
       7.55182617e+02, 2.56797363e+02, 7.50027039e+02, 3.05058929e+02,
       7.45345581e+02, 3.53541962e+02, 7.40326965e+02, 4.01762268e+02,
       7.35292847e+02, 4.50338135e+02, 7.30282654e+02, 4.98920959e+02,
       7.25283203e+02, 5.47400208e+02, 7.20321167e+02, 5.95977234e+02,
       7.15303040e+02, 6.44735535e+02, 7.10168396e+02, 6.93569336e+02,
       7.05185791e+02, 7.42528870e+02, 7.00048706e+02, 7.91511963e+02,
       6.95040405e+02, 8.40516235e+02, 6.89962097e+02, 8.89759949e+02,
       6.84995911e+02, 9.39305725e+02, 6.79534058e+02, 9.88511292e+02,
       6.74399475e+02, 1.03778638e+03, 6.69522766e+02, 1.08738269e+03,
       6.64327454e+02, 1.13698193e+03, 6.59382446e+02, 1.18702808e+03,
       6.54118164e+02, 1.23643872e+03, 6.48815735e+02, 1.28641040e+03,
       6.43888672e+02, 1.33651904e+03, 6.38459106e+02, 1.38677429e+03,
       6.33431274e+02, 1.62100082e+02, 8.10360168e+02, 2.10220078e+02,
       8.05517944e+02, 2.58230713e+02, 8.00491089e+02, 3.06529602e+02,
       7.95530701e+02, 3.54634735e+02, 7.90738892e+02, 4.03368164e+02,
       7.85871216e+02, 4.51711151e+02, 7.80754944e+02, 5.00367554e+02,
       7.75811890e+02, 5.48727783e+02, 7.70820923e+02, 5.97555054e+02,
       7.65819092e+02, 6.46448853e+02, 7.60872437e+02, 6.95419495e+02,
       7.55979736e+02, 7.44167236e+02, 7.50741699e+02, 7.93179260e+02,
       7.45727356e+02, 8.42303162e+02, 7.40767090e+02, 8.91611145e+02,
       7.35773804e+02, 9.40810364e+02, 7.30660522e+02, 9.90227234e+02,
       7.25556763e+02, 1.03972168e+03, 7.20457153e+02, 1.08915674e+03,
       7.15342712e+02, 1.13889844e+03, 7.10358521e+02, 1.18881543e+03,
       7.05228882e+02, 1.23841907e+03, 7.00077515e+02, 1.28859436e+03,
       6.94957825e+02, 1.33853491e+03, 6.89948608e+02, 1.38865845e+03,
       6.84687012e+02, 1.63294800e+02, 8.60663330e+02, 2.11492035e+02,
       8.55777161e+02, 2.59683258e+02, 8.50957092e+02, 3.08009583e+02,
       8.46013123e+02, 3.56128204e+02, 8.41087463e+02, 4.04628693e+02,
       8.36282349e+02, 4.53194153e+02, 8.31372620e+02, 5.01723969e+02,
       8.26288086e+02, 5.50457031e+02, 8.21368652e+02, 5.99043274e+02,
       8.16544617e+02, 6.48156372e+02, 8.11539307e+02, 6.97022827e+02,
       8.06676758e+02, 7.45409729e+02, 8.01613770e+02, 7.94865845e+02,
       7.96527344e+02, 8.44070862e+02, 7.91681763e+02, 8.93343628e+02,
       7.86787903e+02, 9.42607178e+02, 7.81565491e+02, 9.91990356e+02,
       7.76462830e+02, 1.04145569e+03, 7.71684692e+02, 1.09126453e+03,
       7.66561951e+02, 1.14078442e+03, 7.61550415e+02, 1.19050500e+03,
       7.56335999e+02, 1.24054626e+03, 7.51283447e+02, 1.29031677e+03,
       7.45991455e+02, 1.34032788e+03, 7.41219788e+02, 1.39064099e+03,
       7.36006958e+02, 1.64728378e+02, 9.10869995e+02, 2.12812988e+02,
       9.06093689e+02, 2.60933533e+02, 9.01236084e+02, 3.09229675e+02,
       8.96542786e+02, 3.57744659e+02, 8.91649170e+02, 4.06099518e+02,
       8.86827942e+02, 4.54693359e+02, 8.81787231e+02, 5.03132874e+02,
       8.77001953e+02, 5.51913757e+02, 8.72107605e+02, 6.00671753e+02,
       8.67173157e+02, 6.49872070e+02, 8.62171509e+02, 6.98345093e+02,
       8.57147461e+02, 7.47479187e+02, 8.52379456e+02, 7.96433716e+02,
       8.47597229e+02, 8.45815369e+02, 8.42491272e+02, 8.95083130e+02,
       8.37458557e+02, 9.44482361e+02, 8.32618774e+02, 9.93880310e+02,
       8.27593750e+02, 1.04321057e+03, 8.22773193e+02, 1.09299231e+03,
       8.17688538e+02, 1.14286121e+03, 8.12550598e+02, 1.19239014e+03,
       8.07613525e+02, 1.24249084e+03, 8.02636536e+02, 1.29250305e+03,
       7.97633972e+02, 1.34238623e+03, 7.92572266e+02, 1.39282361e+03,
       7.87370178e+02, 1.65726624e+02, 9.61428467e+02, 2.13854935e+02,
       9.56676147e+02, 2.62275879e+02, 9.51809753e+02, 3.10697540e+02,
       9.46878845e+02, 3.59041962e+02, 9.42124146e+02, 4.07450165e+02,
       9.37213257e+02, 4.56039368e+02, 9.32554932e+02, 5.04639465e+02,
       9.27578918e+02, 5.53466125e+02, 9.22814453e+02, 6.02196716e+02,
       9.17766174e+02, 6.51103027e+02, 9.12947937e+02, 6.99974426e+02,
       9.08119873e+02, 7.48876099e+02, 9.03319641e+02, 7.98147583e+02,
