%YAML:1.0
---
cam_2_7: !!opencv-matrix
   rows: 676
   cols: 1
   dt: "2f"
   data: [ 4.44895996e+02, 5.59603149e+02, 4.95722229e+02,
       5.54547424e+02, 5.46517944e+02, 5.49497986e+02, 5.97603271e+02,
       5.44415222e+02, 6.48565796e+02, 5.39295593e+02, 6.99504272e+02,
       5.34192017e+02, 7.50542908e+02, 5.28864441e+02, 8.01632141e+02,
       5.23965332e+02, 8.52712158e+02, 5.18846680e+02, 9.03802368e+02,
       5.13807129e+02, 9.55005981e+02, 5.08656464e+02, 1.00604211e+03,
       5.03517975e+02, 1.05736938e+03, 4.98381805e+02, 1.10857129e+03,
       4.93269836e+02, 1.15978455e+03, 4.88086914e+02, 1.21100793e+03,
       4.82937164e+02, 1.26236047e+03, 4.77753448e+02, 1.31372705e+03,
       4.72687897e+02, 1.36511365e+03, 4.67436401e+02, 1.41666321e+03,
       4.62407593e+02, 1.46805725e+03, 4.57111816e+02, 1.51958630e+03,
       4.51912628e+02, 1.57102283e+03, 4.46837738e+02, 1.62277673e+03,
       4.41529785e+02, 1.67472852e+03, 4.36172943e+02, 1.72610327e+03,
       4.31115143e+02, 4.48369049e+02, 6.09830627e+02, 4.99266876e+02,
       6.04794922e+02, 5.50164490e+02, 5.99789856e+02, 6.01139893e+02,
       5.94594543e+02, 6.52176086e+02, 5.89654419e+02, 7.03148010e+02,
       5.84572876e+02, 7.54203674e+02, 5.79488953e+02, 8.05279785e+02,
       5.74413391e+02, 8.56431824e+02, 5.69337341e+02, 9.07494995e+02,
       5.64243225e+02, 9.58670227e+02, 5.59026245e+02, 1.00974255e+03,
       5.53904846e+02, 1.06112158e+03, 5.48801758e+02, 1.11244751e+03,
       5.43655701e+02, 1.16376074e+03, 5.38627075e+02, 1.21488379e+03,
       5.33433350e+02, 1.26629163e+03, 5.28418640e+02, 1.31757971e+03,
       5.23251221e+02, 1.36916711e+03, 5.17968384e+02, 1.42069226e+03,
       5.12918457e+02, 1.47206506e+03, 5.07745300e+02, 1.52376318e+03,
       5.02557465e+02, 1.57532861e+03, 4.97363007e+02, 1.62691125e+03,
       4.92188751e+02, 1.67864331e+03, 4.87103760e+02, 1.73046265e+03,
       4.81767181e+02, 4.51703186e+02, 6.60420959e+02, 5.02743744e+02,
       6.55309387e+02, 5.53596741e+02, 6.50074219e+02, 6.04649719e+02,
       6.45148193e+02, 6.55575623e+02, 6.40043701e+02, 7.06953369e+02,
       6.34908020e+02, 7.57747925e+02, 6.29892334e+02, 8.08903137e+02,
       6.24875610e+02, 8.59918701e+02, 6.19761841e+02, 9.11193237e+02,
       6.14601501e+02, 9.62478271e+02, 6.09582581e+02, 1.01379065e+03,
       6.04534912e+02, 1.06493896e+03, 5.99416504e+02, 1.11617578e+03,
       5.94409241e+02, 1.16754675e+03, 5.89178650e+02, 1.21893616e+03,
       5.84047668e+02, 1.27042529e+03, 5.78765381e+02, 1.32154675e+03,
       5.73735107e+02, 1.37301599e+03, 5.68535950e+02, 1.42463098e+03,
       5.63542542e+02, 1.47614526e+03, 5.58350647e+02, 1.52778967e+03,
       5.53158813e+02, 1.57925598e+03, 5.48172729e+02, 1.63114502e+03,
       5.42939575e+02, 1.68282544e+03, 5.37737061e+02, 1.73457678e+03,
       5.32524597e+02, 4.55191681e+02, 7.10813538e+02, 5.06221558e+02,
       7.05625549e+02, 5.57217224e+02, 7.00656250e+02, 6.08297913e+02,
       6.95634888e+02, 6.59345337e+02, 6.90608948e+02, 7.10419250e+02,
       6.85461731e+02, 7.61514465e+02, 6.80382874e+02, 8.12583557e+02,
       6.75359375e+02, 8.63777771e+02, 6.70383850e+02, 9.14873291e+02,
       6.65183899e+02, 9.66079712e+02, 6.60271912e+02, 1.01749445e+03,
       6.55203735e+02, 1.06870166e+03, 6.50022888e+02, 1.11992041e+03,
       6.44822815e+02, 1.17125574e+03, 6.39923950e+02, 1.22284851e+03,
       6.34635315e+02, 1.27424377e+03, 6.29546875e+02, 1.32550110e+03,
       6.24369202e+02, 1.37722546e+03, 6.19390930e+02, 1.42869727e+03,
       6.14220703e+02, 1.48035815e+03, 6.09071777e+02, 1.53202625e+03,
       6.03940308e+02, 1.58353674e+03, 5.98714539e+02, 1.63525818e+03,
       5.93659912e+02, 1.68697583e+03, 5.88579163e+02, 1.73863513e+03,
       5.83396973e+02, 4.58903870e+02, 7.61207458e+02, 5.09718994e+02,
       7.56294434e+02, 5.60623901e+02, 7.51188721e+02, 6.11857056e+02,
       7.46035339e+02, 6.62939026e+02, 7.41062805e+02, 7.13961975e+02,
       7.36138611e+02, 7.65074707e+02, 7.31001465e+02, 8.16212280e+02,
       7.25780823e+02, 8.67330750e+02, 7.20787720e+02, 9.18666931e+02,
       7.15920776e+02, 9.70051880e+02, 7.10776550e+02, 1.02110944e+03,
       7.05705627e+02, 1.07263550e+03, 7.00523743e+02, 1.12397363e+03,
       6.95466675e+02, 1.17520337e+03, 6.90435608e+02, 1.22665039e+03,
       6.85223633e+02, 1.27814893e+03, 6.80308777e+02, 1.32946704e+03,
       6.75157104e+02, 1.38107043e+03, 6.70057068e+02, 1.43274622e+03,
       6.65062378e+02, 1.48421667e+03, 6.59902649e+02, 1.53590540e+03,
       6.54644897e+02, 1.58764331e+03, 6.49578369e+02, 1.63929980e+03,
       6.44488525e+02, 1.69118787e+03, 6.39354187e+02, 1.74277820e+03,
       6.34226196e+02, 4.62204071e+02, 8.11702332e+02, 5.13241638e+02,
       8.06663269e+02, 5.64221680e+02, 8.01764343e+02, 6.15447021e+02,
       7.96793518e+02, 6.66535706e+02, 7.91798279e+02, 7.17465088e+02,
       7.86737976e+02, 7.68737244e+02, 7.81747131e+02, 8.19955322e+02,
       7.76435669e+02, 8.71102417e+02, 7.71461853e+02, 9.22345154e+02,
       7.66377930e+02, 9.73777222e+02, 7.61443726e+02, 1.02490710e+03,
       7.56638062e+02, 1.07630359e+03, 7.51379272e+02, 1.12777832e+03,
       7.46113464e+02, 1.17900720e+03, 7.40817444e+02, 1.23048486e+03,
       7.36108276e+02, 1.28201453e+03, 7.31028259e+02, 1.33352515e+03,
       7.25845276e+02, 1.38512378e+03, 7.20780212e+02, 1.43681738e+03,
       7.15745850e+02, 1.48832642e+03, 7.10627625e+02, 1.54007288e+03,
       7.05629028e+02, 1.59180078e+03, 7.00263489e+02, 1.64349805e+03,
       6.95445129e+02, 1.69530920e+03, 6.90243958e+02, 1.74734155e+03,
       6.85159058e+02, 4.65629456e+02, 8.62463928e+02, 5.16619873e+02,
       8.57380310e+02, 5.67731812e+02, 8.52422546e+02, 6.18760559e+02,
       8.47481262e+02, 6.69917847e+02, 8.42298645e+02, 7.20971741e+02,
       8.37313293e+02, 7.72242554e+02, 8.32346741e+02, 8.23427979e+02,
       8.27500305e+02, 8.74892456e+02, 8.22162659e+02, 9.26071350e+02,
       8.17151672e+02, 9.77409180e+02, 8.12228821e+02, 1.02871887e+03,
       8.06854309e+02, 1.07991394e+03, 8.01939453e+02, 1.13140674e+03,
       7.96950745e+02, 1.18290271e+03, 7.92013672e+02, 1.23444824e+03,
       7.87077820e+02, 1.28597119e+03, 7.81881409e+02, 1.33757410e+03,
       7.76654907e+02, 1.38911316e+03, 7.71669250e+02, 1.44074817e+03,
       7.66599304e+02, 1.49236157e+03, 7.61469604e+02, 1.54413220e+03,
       7.56392456e+02, 1.59596973e+03, 7.51456055e+02, 1.64754895e+03,
       7.46262512e+02, 1.69940845e+03, 7.41207520e+02, 1.75125037e+03,
       7.36155518e+02, 4.69006165e+02, 9.13117065e+02, 5.20202881e+02,
       9.08154053e+02, 5.71307556e+02, 9.03026733e+02, 6.22430115e+02,
       8.98001282e+02, 6.73499390e+02, 8.93090637e+02, 7.24709534e+02,
       8.88077759e+02, 7.76021851e+02, 8.82985840e+02, 8.27299438e+02,
       8.77984070e+02, 8.78350159e+02, 8.72865112e+02, 9.29873718e+02,
       8.67966797e+02, 9.81058228e+02, 8.62855957e+02, 1.03256921e+03,
       8.57920837e+02, 1.08384277e+03, 8.52906433e+02, 1.13547266e+03,
       8.47946472e+02, 1.18681091e+03, 8.42800293e+02, 1.23831055e+03,
       8.37666809e+02, 1.28983472e+03, 8.32645569e+02, 1.34148438e+03,
       8.27833618e+02, 1.39305078e+03, 8.22517029e+02, 1.44478662e+03,
       8.17573669e+02, 1.49651160e+03, 8.12411316e+02, 1.54838318e+03,
       8.07513550e+02, 1.59998364e+03, 8.02310303e+02, 1.65192285e+03,
       7.97237793e+02, 1.70375830e+03, 7.92318176e+02, 1.75570178e+03,
       7.87083862e+02, 4.72512268e+02, 9.63823914e+02, 5.23608154e+02,
       9.58859070e+02, 5.74796204e+02, 9.53690552e+02, 6.25879700e+02,
       9.48767578e+02, 6.77342651e+02, 9.43821533e+02, 7.28303223e+02,
       9.38869751e+02, 7.79748413e+02, 9.33840271e+02, 8.31031372e+02,
       9.28851379e+02, 8.82153259e+02, 9.23793823e+02, 9.33566956e+02,
       9.18653564e+02, 9.84993896e+02, 9.13765991e+02, 1.03648303e+03,
       9.08909241e+02, 1.08779675e+03, 9.03747314e+02, 1.13918530e+03,
