%YAML:1.0
---
R: !!opencv-matrix
   rows: 3
   cols: 3
   dt: d
   data: [ 9.0604406453633235e-01, 1.1313625434934611e-03,
       4.2318184405439424e-01, -5.1837205901968213e-03,
       9.9995107171588127e-01, 8.4251537139169719e-03,
       -4.2315160658955936e-01, -9.8272169537229337e-03,
       9.0600559802223035e-01 ]
T: !!opencv-matrix
   rows: 3
   cols: 1
   dt: d
   data: [ -1.4112266329056334e+02, 2.1840362700848370e+00,
       3.6558958798396660e+01 ]
E: !!opencv-matrix
   rows: 3
   cols: 3
   dt: d
   data: [ -7.3466702905686154e-01, -3.6578633029534409e+01,
       1.6707342394832050e+00, -2.6592254072683687e+01,
       -1.3454815926299304e+00, 1.4332901055007082e+02,
       -1.2472926437997305e+00, -1.4111822933762787e+02,
       -2.1132246269965265e+00 ]
F: !!opencv-matrix
   rows: 3
   cols: 3
   dt: d
   data: [ 8.9636209084193679e-10, 4.4629333678666692e-08,
       -7.6883458436867937e-05, 3.2445022735525378e-08,
       1.6416126569711063e-09, -2.8661843487023581e-03,
       -9.7053610878102373e-06, 2.7632113932381779e-03, 1. ]
e: 1.1377657941107213e+00
