%YAML:1.0
---
M: !!opencv-matrix
   rows: 3
   cols: 3
   dt: d
   data: [ 1.6153812380404048e+04, 0., 1.2240546231397368e+03, 0.,
       1.6153812380404048e+04, 9.6029901478102556e+02, 0., 0., 1. ]
D: !!opencv-matrix
   rows: 1
   cols: 5
   dt: d
   data: [ 2.0106991093738955e-01, 4.5551713362048183e+01, 0., 0.,
       -4.9278633337465544e+03 ]
e: 1.5859250818285880e-01
