%YAML:1.0
---
M: !!opencv-matrix
   rows: 3
   cols: 3
   dt: d
   data: [ 1.6358921868899990e+04, 0., 1.1590249168560642e+03, 0.,
       1.6358921868899990e+04, 1.0344167571269911e+03, 0., 0., 1. ]
D: !!opencv-matrix
   rows: 1
   cols: 5
   dt: d
   data: [ 2.5293207173129834e-01, 1.2468561550178455e+01, 0., 0.,
       -1.1165952885795411e+03 ]
e: 1.4124688978171981e-01
